run_id,scenario_id,request_index,attempt,warmup,start_ms,first_byte_ms,first_token_ms,end_ms,wall_ms,ttft_ms,input_tokens,output_tokens,tokens_estimated,output_tokens_per_sec,tbt_ms_p50,tbt_ms_p95,http_status,error_kind,error_msg,batch_size,doc_count,top_n
2026-05-09T12-18-49Z__chat__qwen3.6-35b-a3b-fp8,chat__in-large__out-medium__c256,-1,1,true,49708645.436,2662.608,2663.823,49722880.302,14234.866,2663.823,10871,512,false,44.25,,,200,,,,,
2026-05-09T12-18-49Z__chat__qwen3.6-35b-a3b-fp8,chat__in-large__out-medium__c256,-2,1,true,49722883.295,2748.599,2749.344,49738953.411,16070.116,2749.344,10993,512,false,38.44,,,200,,,,,
2026-05-09T12-18-49Z__chat__qwen3.6-35b-a3b-fp8,chat__in-large__out-medium__c256,-3,1,true,49738955.376,2822.733,2823.722,49753290.488,14335.112,2823.722,11066,512,false,44.48,,,200,,,,,
2026-05-09T12-18-49Z__chat__qwen3.6-35b-a3b-fp8,chat__in-large__out-medium__c256,13,1,false,49753323.836,16888.618,16889.293,49799308.900,45985.063,16889.293,11026,512,false,17.60,,,200,,,,,
2026-05-09T12-18-49Z__chat__qwen3.6-35b-a3b-fp8,chat__in-large__out-medium__c256,2,1,false,49753299.511,5329.043,5329.891,49804653.250,51353.739,5329.891,11064,490,false,10.65,,,200,,,,,
2026-05-09T12-18-49Z__chat__qwen3.6-35b-a3b-fp8,chat__in-large__out-medium__c256,7,1,false,49753309.744,10220.588,10221.011,49806049.140,52739.396,10221.011,10918,447,false,10.51,,,200,,,,,
2026-05-09T12-18-49Z__chat__qwen3.6-35b-a3b-fp8,chat__in-large__out-medium__c256,0,1,false,49753294.451,3286.719,3288.314,49812105.165,58810.714,3288.314,10873,512,false,9.22,,,200,,,,,
2026-05-09T12-18-49Z__chat__qwen3.6-35b-a3b-fp8,chat__in-large__out-medium__c256,6,1,false,49753307.948,14725.139,14725.644,49815570.326,62262.378,14725.644,11032,443,false,9.32,,,200,,,,,
2026-05-09T12-18-49Z__chat__qwen3.6-35b-a3b-fp8,chat__in-large__out-medium__c256,8,1,false,49753311.720,12163.707,12164.598,49819815.316,66503.596,12164.598,11068,512,false,9.42,,,200,,,,,
2026-05-09T12-18-49Z__chat__qwen3.6-35b-a3b-fp8,chat__in-large__out-medium__c256,3,1,false,49753302.015,7977.667,7978.397,49822227.260,68925.245,7978.397,10952,512,false,8.40,,,200,,,,,
2026-05-09T12-18-49Z__chat__qwen3.6-35b-a3b-fp8,chat__in-large__out-medium__c256,15,1,false,49753327.961,24847.327,24847.794,49826078.021,72750.060,24847.794,10955,512,false,10.69,,,200,,,,,
2026-05-09T12-18-49Z__chat__qwen3.6-35b-a3b-fp8,chat__in-large__out-medium__c256,16,1,false,49753330.477,22184.540,22185.204,49828477.303,75146.826,22185.204,10936,498,false,9.40,,,200,,,,,
2026-05-09T12-18-49Z__chat__qwen3.6-35b-a3b-fp8,chat__in-large__out-medium__c256,9,1,false,49753314.694,27338.552,27338.980,49830000.438,76685.743,27338.980,10980,503,false,10.19,,,200,,,,,
2026-05-09T12-18-49Z__chat__qwen3.6-35b-a3b-fp8,chat__in-large__out-medium__c256,10,1,false,49753317.203,19627.868,19628.413,49833505.195,80187.992,19628.413,11091,512,false,8.45,,,200,,,,,
2026-05-09T12-18-49Z__chat__qwen3.6-35b-a3b-fp8,chat__in-large__out-medium__c256,12,1,false,49753321.878,29882.777,29883.695,49837409.398,84087.520,29883.695,10982,512,false,9.45,,,200,,,,,
2026-05-09T12-18-49Z__chat__qwen3.6-35b-a3b-fp8,chat__in-large__out-medium__c256,11,1,false,49753319.922,49046.332,49047.235,49858367.597,105047.675,49047.235,10962,512,false,9.14,,,200,,,,,
2026-05-09T12-18-49Z__chat__qwen3.6-35b-a3b-fp8,chat__in-large__out-medium__c256,18,1,false,49753335.356,57023.107,57023.528,49861415.158,108079.802,57023.528,11074,512,false,10.03,,,200,,,,,
2026-05-09T12-18-49Z__chat__qwen3.6-35b-a3b-fp8,chat__in-large__out-medium__c256,14,1,false,49753325.840,54753.196,54753.744,49864857.379,111531.540,54753.744,10953,512,false,9.02,,,200,,,,,
2026-05-09T12-18-49Z__chat__qwen3.6-35b-a3b-fp8,chat__in-large__out-medium__c256,17,1,false,49753333.155,61837.393,61837.800,49869284.948,115951.793,61837.800,11017,512,false,9.46,,,200,,,,,
2026-05-09T12-18-49Z__chat__qwen3.6-35b-a3b-fp8,chat__in-large__out-medium__c256,19,1,false,49753337.348,69908.276,69908.772,49873511.825,120174.477,69908.772,10956,512,false,10.19,,,200,,,,,
2026-05-09T12-18-49Z__chat__qwen3.6-35b-a3b-fp8,chat__in-large__out-medium__c256,20,1,false,49753339.470,65280.151,65280.953,49874399.309,121059.839,65280.953,10951,512,false,9.18,,,200,,,,,
2026-05-09T12-18-49Z__chat__qwen3.6-35b-a3b-fp8,chat__in-large__out-medium__c256,21,1,false,49753341.352,72335.835,72336.499,49875376.939,122035.586,72336.499,11118,499,false,10.04,,,200,,,,,
2026-05-09T12-18-49Z__chat__qwen3.6-35b-a3b-fp8,chat__in-large__out-medium__c256,24,1,false,49753347.609,76167.551,76167.986,49879825.137,126477.528,76167.986,11007,453,false,9.00,,,200,,,,,
2026-05-09T12-18-49Z__chat__qwen3.6-35b-a3b-fp8,chat__in-large__out-medium__c256,27,1,false,49753355.558,78654.585,78654.933,49884678.512,131322.954,78654.933,11014,503,false,9.55,,,200,,,,,
2026-05-09T12-18-49Z__chat__qwen3.6-35b-a3b-fp8,chat__in-large__out-medium__c256,29,1,false,49753359.401,81663.856,81664.285,49885579.968,132220.567,81664.285,10998,512,false,10.13,,,200,,,,,
2026-05-09T12-18-49Z__chat__qwen3.6-35b-a3b-fp8,chat__in-large__out-medium__c256,33,1,false,49753367.194,87061.953,87062.354,49891369.208,138002.014,87062.354,10953,512,false,10.05,,,200,,,,,
2026-05-09T12-18-49Z__chat__qwen3.6-35b-a3b-fp8,chat__in-large__out-medium__c256,31,1,false,49753363.301,83925.238,83926.394,49894392.192,141028.891,83926.394,11059,512,false,8.97,,,200,,,,,
2026-05-09T12-18-49Z__chat__qwen3.6-35b-a3b-fp8,chat__in-large__out-medium__c256,1,1,false,49753297.091,108121.525,108121.989,49915370.581,162073.491,108121.989,10997,512,false,9.49,,,200,,,,,
2026-05-09T12-18-49Z__chat__qwen3.6-35b-a3b-fp8,chat__in-large__out-medium__c256,30,1,false,49753361.214,128950.397,128951.091,49918465.354,165104.139,128951.091,10990,512,false,14.16,,,200,,,,,
2026-05-09T12-18-49Z__chat__qwen3.6-35b-a3b-fp8,chat__in-large__out-medium__c256,23,1,false,49753345.182,114579.032,114579.451,49922275.465,168930.283,114579.451,11017,512,false,9.42,,,200,,,,,
2026-05-09T12-18-49Z__chat__qwen3.6-35b-a3b-fp8,chat__in-large__out-medium__c256,5,1,false,49753306.057,126032.502,126033.433,49922281.464,168975.407,126033.433,10950,512,false,11.92,,,200,,,,,
2026-05-09T12-18-49Z__chat__qwen3.6-35b-a3b-fp8,chat__in-large__out-medium__c256,25,1,false,49753351.091,131188.715,131189.308,49927128.714,173777.624,131189.308,10964,427,false,10.03,,,200,,,,,
2026-05-09T12-18-49Z__chat__qwen3.6-35b-a3b-fp8,chat__in-large__out-medium__c256,4,1,false,49753304.152,111149.452,111150.087,49930924.114,177619.962,111150.087,10943,512,false,7.70,,,200,,,,,
2026-05-09T12-18-49Z__chat__qwen3.6-35b-a3b-fp8,chat__in-large__out-medium__c256,22,1,false,49753343.137,118964.195,118964.592,49933765.148,180422.011,118964.592,10891,512,false,8.33,,,200,,,,,
2026-05-09T12-18-49Z__chat__qwen3.6-35b-a3b-fp8,chat__in-large__out-medium__c256,28,1,false,49753357.482,123478.083,123478.586,49938440.712,185083.231,123478.586,10938,512,false,8.31,,,200,,,,,
2026-05-09T12-18-49Z__chat__qwen3.6-35b-a3b-fp8,chat__in-large__out-medium__c256,43,1,false,49753385.631,144010.577,144011.405,49942142.062,188756.431,144011.405,10919,427,false,9.54,,,200,,,,,
2026-05-09T12-18-49Z__chat__qwen3.6-35b-a3b-fp8,chat__in-large__out-medium__c256,32,1,false,49753365.281,134788.761,134789.138,49943119.672,189754.391,134789.138,10953,512,false,9.31,,,200,,,,,
2026-05-09T12-18-49Z__chat__qwen3.6-35b-a3b-fp8,chat__in-large__out-medium__c256,34,1,false,49753369.049,136942.581,136943.090,49944547.193,191178.143,136943.090,10886,506,false,9.33,,,200,,,,,
2026-05-09T12-18-49Z__chat__qwen3.6-35b-a3b-fp8,chat__in-large__out-medium__c256,26,1,false,49753353.559,141043.161,141043.541,49949965.366,196611.807,141043.541,10994,512,false,9.21,,,200,,,,,
2026-05-09T12-18-49Z__chat__qwen3.6-35b-a3b-fp8,chat__in-large__out-medium__c256,49,1,false,49753396.658,165075.482,165076.185,49971494.580,218097.922,165076.185,10978,495,false,9.34,,,200,,,,,
2026-05-09T12-18-49Z__chat__qwen3.6-35b-a3b-fp8,chat__in-large__out-medium__c256,47,1,false,49753393.171,168071.160,168071.616,49972904.474,219511.303,168071.616,11035,481,false,9.35,,,200,,,,,
2026-05-09T12-18-49Z__chat__qwen3.6-35b-a3b-fp8,chat__in-large__out-medium__c256,52,1,false,49753401.997,180800.977,180801.799,49973906.216,220504.219,180801.799,11033,512,false,12.90,,,200,,,,,
2026-05-09T12-18-49Z__chat__qwen3.6-35b-a3b-fp8,chat__in-large__out-medium__c256,57,1,false,49753412.328,172233.054,172233.423,49982846.357,229434.029,172233.423,10921,512,false,8.95,,,200,,,,,
2026-05-09T12-18-49Z__chat__qwen3.6-35b-a3b-fp8,chat__in-large__out-medium__c256,54,1,false,49753407.519,177384.736,177385.164,49982850.917,229443.397,177385.164,11003,510,false,9.80,,,200,,,,,
2026-05-09T12-18-49Z__chat__qwen3.6-35b-a3b-fp8,chat__in-large__out-medium__c256,64,1,false,49753422.196,183419.151,183419.736,49983733.064,230310.868,183419.736,11004,512,false,10.92,,,200,,,,,
2026-05-09T12-18-49Z__chat__qwen3.6-35b-a3b-fp8,chat__in-large__out-medium__c256,65,1,false,49753423.476,174757.583,174758.168,49990673.316,237249.841,174758.168,11067,512,false,8.19,,,200,,,,,
2026-05-09T12-18-49Z__chat__qwen3.6-35b-a3b-fp8,chat__in-large__out-medium__c256,42,1,false,49753383.854,192120.777,192121.608,49994458.084,241074.230,192121.608,10953,512,false,10.46,,,200,,,,,
2026-05-09T12-18-49Z__chat__qwen3.6-35b-a3b-fp8,chat__in-large__out-medium__c256,61,1,false,49753417.812,188046.616,188047.080,49997435.436,244017.624,188047.080,10900,502,false,8.97,,,200,,,,,
2026-05-09T12-18-49Z__chat__qwen3.6-35b-a3b-fp8,chat__in-large__out-medium__c256,58,1,false,49753413.619,194558.763,194559.358,50001002.572,247588.953,194559.358,10980,512,false,9.65,,,200,,,,,
2026-05-09T12-18-49Z__chat__qwen3.6-35b-a3b-fp8,chat__in-large__out-medium__c256,154,1,false,49753547.351,199685.902,199686.424,50005201.717,251654.366,199686.424,10950,512,false,9.85,,,200,,,,,
2026-05-09T12-18-49Z__chat__qwen3.6-35b-a3b-fp8,chat__in-large__out-medium__c256,131,1,false,49753518.942,197501.338,197502.410,50005602.972,252084.030,197502.410,11030,512,false,9.38,,,200,,,,,
2026-05-09T12-18-49Z__chat__qwen3.6-35b-a3b-fp8,chat__in-large__out-medium__c256,123,1,false,49753508.491,235159.320,235159.802,50026357.406,272848.915,235159.802,11070,512,false,13.58,,,200,,,,,
2026-05-09T12-18-49Z__chat__qwen3.6-35b-a3b-fp8,chat__in-large__out-medium__c256,69,1,false,49753429.063,223948.419,223948.906,50029699.642,276270.579,223948.906,11050,481,false,9.19,,,200,,,,,
2026-05-09T12-18-49Z__chat__qwen3.6-35b-a3b-fp8,chat__in-large__out-medium__c256,142,1,false,49753533.075,221365.504,221366.315,50029703.673,276170.598,221366.315,10974,512,false,9.34,,,200,,,,,
2026-05-09T12-18-49Z__chat__qwen3.6-35b-a3b-fp8,chat__in-large__out-medium__c256,122,1,false,49753507.129,226488.891,226489.105,50035403.493,281896.365,226489.105,10947,512,false,9.24,,,200,,,,,
2026-05-09T12-18-49Z__chat__qwen3.6-35b-a3b-fp8,chat__in-large__out-medium__c256,119,1,false,49753502.585,238198.651,238199.478,50042614.710,289112.125,238199.478,11037,457,false,8.98,,,200,,,,,
2026-05-09T12-18-49Z__chat__qwen3.6-35b-a3b-fp8,chat__in-large__out-medium__c256,125,1,false,49753511.150,232670.976,232671.396,50046054.940,292543.790,232671.396,11022,512,false,8.55,,,200,,,,,
2026-05-09T12-18-49Z__chat__qwen3.6-35b-a3b-fp8,chat__in-large__out-medium__c256,257,1,false,49804656.375,203932.773,203933.510,50053723.109,249066.734,203933.510,11009,512,false,11.34,,,200,,,,,
2026-05-09T12-18-49Z__chat__qwen3.6-35b-a3b-fp8,chat__in-large__out-medium__c256,256,1,false,49799310.397,205760.977,205761.351,50059156.481,259846.084,205761.351,11010,512,false,9.47,,,200,,,,,
2026-05-09T12-18-49Z__chat__qwen3.6-35b-a3b-fp8,chat__in-large__out-medium__c256,258,1,false,49806051.341,204796.503,204797.174,50065287.415,259236.074,204797.174,10980,512,false,9.41,,,200,,,,,
2026-05-09T12-18-49Z__chat__qwen3.6-35b-a3b-fp8,chat__in-large__out-medium__c256,259,1,false,49812107.525,217320.634,217321.581,50081765.661,269658.137,217321.581,11061,512,false,9.78,,,200,,,,,
2026-05-09T12-18-49Z__chat__qwen3.6-35b-a3b-fp8,chat__in-large__out-medium__c256,260,1,false,49815572.213,217524.223,217524.778,50085490.768,269918.555,217524.778,10983,512,false,9.77,,,200,,,,,
2026-05-09T12-18-49Z__chat__qwen3.6-35b-a3b-fp8,chat__in-large__out-medium__c256,262,1,false,49822228.828,216149.227,216149.679,50091067.493,268838.666,216149.679,11068,512,false,9.72,,,200,,,,,
2026-05-09T12-18-49Z__chat__qwen3.6-35b-a3b-fp8,chat__in-large__out-medium__c256,261,1,false,49819816.796,215792.053,215792.545,50091071.589,271254.793,215792.545,10993,512,false,9.23,,,200,,,,,
2026-05-09T12-18-49Z__chat__qwen3.6-35b-a3b-fp8,chat__in-large__out-medium__c256,263,1,false,49826080.126,219570.725,219571.131,50097404.172,271324.046,219571.131,10976,476,false,9.20,,,200,,,,,
2026-05-09T12-18-49Z__chat__qwen3.6-35b-a3b-fp8,chat__in-large__out-medium__c256,267,1,false,49837411.440,221749.676,221750.038,50100281.802,262870.363,221750.038,10993,512,false,12.45,,,200,,,,,
2026-05-09T12-18-49Z__chat__qwen3.6-35b-a3b-fp8,chat__in-large__out-medium__c256,264,1,false,49828478.692,220622.676,220623.576,50104711.403,276232.711,220623.576,10969,495,false,8.90,,,200,,,,,
2026-05-09T12-18-49Z__chat__qwen3.6-35b-a3b-fp8,chat__in-large__out-medium__c256,266,1,false,49833507.231,222691.266,222691.703,50110719.892,277212.660,222691.703,10986,512,false,9.39,,,200,,,,,
2026-05-09T12-18-49Z__chat__qwen3.6-35b-a3b-fp8,chat__in-large__out-medium__c256,265,1,false,49830002.309,223726.389,223726.848,50111092.437,281090.128,223726.848,10945,512,false,8.93,,,200,,,,,
2026-05-09T12-18-49Z__chat__qwen3.6-35b-a3b-fp8,chat__in-large__out-medium__c256,268,1,false,49858370.311,203263.838,203264.243,50111097.889,252727.578,203264.243,11027,512,false,10.35,,,200,,,,,
2026-05-09T12-18-49Z__chat__qwen3.6-35b-a3b-fp8,chat__in-large__out-medium__c256,270,1,false,49864859.921,203481.841,203482.505,50119085.962,254226.041,203482.505,11075,497,false,9.79,,,200,,,,,
2026-05-09T12-18-49Z__chat__qwen3.6-35b-a3b-fp8,chat__in-large__out-medium__c256,269,1,false,49861417.380,202811.330,202811.645,50122667.156,261249.776,202811.645,11029,512,false,8.76,,,200,,,,,
2026-05-09T12-18-49Z__chat__qwen3.6-35b-a3b-fp8,chat__in-large__out-medium__c256,272,1,false,49873513.467,215039.528,215040.037,50137929.065,264415.599,215040.037,11051,512,false,10.37,,,200,,,,,
2026-05-09T12-18-49Z__chat__qwen3.6-35b-a3b-fp8,chat__in-large__out-medium__c256,271,1,false,49869286.799,215523.646,215524.404,50142174.070,272887.271,215524.404,10988,512,false,8.93,,,200,,,,,
2026-05-09T12-18-49Z__chat__qwen3.6-35b-a3b-fp8,chat__in-large__out-medium__c256,273,1,false,49874400.813,220067.378,220067.802,50146567.072,272166.260,220067.802,10932,472,false,9.06,,,200,,,,,
2026-05-09T12-18-49Z__chat__qwen3.6-35b-a3b-fp8,chat__in-large__out-medium__c256,274,1,false,49875379.119,221392.858,221393.276,50150583.170,275204.052,221393.276,10999,512,false,9.51,,,200,,,,,
2026-05-09T12-18-49Z__chat__qwen3.6-35b-a3b-fp8,chat__in-large__out-medium__c256,277,1,false,49885581.553,222185.112,222185.653,50154154.182,268572.629,222185.653,11032,491,false,10.58,,,200,,,,,
2026-05-09T12-18-49Z__chat__qwen3.6-35b-a3b-fp8,chat__in-large__out-medium__c256,275,1,false,49879827.402,220888.719,220889.180,50154548.003,274720.601,220889.180,11018,496,false,9.21,,,200,,,,,
2026-05-09T12-18-49Z__chat__qwen3.6-35b-a3b-fp8,chat__in-large__out-medium__c256,276,1,false,49884680.250,218695.562,218696.261,50162695.297,278015.046,218696.261,11014,512,false,8.63,,,200,,,,,
2026-05-09T12-18-49Z__chat__qwen3.6-35b-a3b-fp8,chat__in-large__out-medium__c256,279,1,false,49894393.576,224697.359,224697.742,50168704.043,274310.467,224697.742,10985,512,false,10.32,,,200,,,,,
2026-05-09T12-18-49Z__chat__qwen3.6-35b-a3b-fp8,chat__in-large__out-medium__c256,132,2,false,49753520.313,225675.821,360486.318,50169089.500,415569.187,360486.318,10952,512,false,9.30,,,200,,,,,
2026-05-09T12-18-49Z__chat__qwen3.6-35b-a3b-fp8,chat__in-large__out-medium__c256,278,1,false,49891372.208,225242.056,225242.571,50173573.783,282201.575,225242.571,10993,512,false,8.99,,,200,,,,,
2026-05-09T12-18-49Z__chat__qwen3.6-35b-a3b-fp8,chat__in-large__out-medium__c256,281,1,false,49918467.628,207238.456,207238.907,50174593.424,256125.797,207238.907,11027,512,false,10.47,,,200,,,,,
2026-05-09T12-18-49Z__chat__qwen3.6-35b-a3b-fp8,chat__in-large__out-medium__c256,280,1,false,49915373.197,206760.875,206761.422,50176037.029,260663.832,206761.422,11010,463,false,8.59,,,200,,,,,
2026-05-09T12-18-49Z__chat__qwen3.6-35b-a3b-fp8,chat__in-large__out-medium__c256,283,1,false,49922283.271,218683.147,218683.947,50194600.658,272317.387,218683.947,10973,512,false,9.55,,,200,,,,,
2026-05-09T12-18-49Z__chat__qwen3.6-35b-a3b-fp8,chat__in-large__out-medium__c256,285,1,false,49930926.036,222700.229,222700.689,50198394.072,267468.036,222700.689,10937,512,false,11.44,,,200,,,,,
2026-05-09T12-18-49Z__chat__qwen3.6-35b-a3b-fp8,chat__in-large__out-medium__c256,282,1,false,49922277.894,222924.643,222925.213,50198398.004,276120.110,222925.213,10972,500,false,9.40,,,200,,,,,
2026-05-09T12-18-49Z__chat__qwen3.6-35b-a3b-fp8,chat__in-large__out-medium__c256,288,1,false,49942144.243,223588.529,223589.005,50200261.138,258116.894,223589.005,11008,512,false,14.83,,,200,,,,,
2026-05-09T12-18-49Z__chat__qwen3.6-35b-a3b-fp8,chat__in-large__out-medium__c256,284,1,false,49927130.469,222514.604,222514.989,50206997.599,279867.130,222514.989,11099,495,false,8.63,,,200,,,,,
2026-05-09T12-18-49Z__chat__qwen3.6-35b-a3b-fp8,chat__in-large__out-medium__c256,286,1,false,49933767.270,223788.094,223788.803,50212515.697,278748.427,223788.803,10954,487,false,8.86,,,200,,,,,
2026-05-09T12-18-49Z__chat__qwen3.6-35b-a3b-fp8,chat__in-large__out-medium__c256,287,1,false,49938442.326,221387.392,221388.006,50216395.153,277952.827,221388.006,11032,512,false,9.05,,,200,,,,,
2026-05-09T12-18-49Z__chat__qwen3.6-35b-a3b-fp8,chat__in-large__out-medium__c256,292,1,false,49971496.760,208497.057,208497.742,50224146.251,252649.492,208497.742,11066,482,false,10.92,,,200,,,,,
2026-05-09T12-18-49Z__chat__qwen3.6-35b-a3b-fp8,chat__in-large__out-medium__c256,289,1,false,49943122.247,228959.352,228959.822,50225550.959,282428.712,228959.822,11027,476,false,8.90,,,200,,,,,
2026-05-09T12-18-49Z__chat__qwen3.6-35b-a3b-fp8,chat__in-large__out-medium__c256,290,1,false,49944549.029,230049.604,230050.262,50227053.222,282504.193,230050.262,10927,512,false,9.76,,,200,,,,,
2026-05-09T12-18-49Z__chat__qwen3.6-35b-a3b-fp8,chat__in-large__out-medium__c256,291,1,false,49949967.587,227542.442,227543.243,50234445.070,284477.483,227543.243,11038,512,false,8.99,,,200,,,,,
2026-05-09T12-18-49Z__chat__qwen3.6-35b-a3b-fp8,chat__in-large__out-medium__c256,293,1,false,49972906.504,209677.082,209677.666,50239329.150,266422.646,209677.666,10943,512,false,9.02,,,200,,,,,
2026-05-09T12-18-49Z__chat__qwen3.6-35b-a3b-fp8,chat__in-large__out-medium__c256,294,1,false,49973908.122,223761.962,223762.676,50250563.234,276655.111,223762.676,11003,465,false,8.79,,,200,,,,,
2026-05-09T12-18-49Z__chat__qwen3.6-35b-a3b-fp8,chat__in-large__out-medium__c256,295,1,false,49982848.373,218891.451,218892.263,50256364.156,273515.783,218892.263,11032,507,false,9.28,,,200,,,,,
2026-05-09T12-18-49Z__chat__qwen3.6-35b-a3b-fp8,chat__in-large__out-medium__c256,296,1,false,49982852.143,221379.799,221380.161,50260281.907,277429.764,221380.161,10992,512,false,9.13,,,200,,,,,
2026-05-09T12-18-49Z__chat__qwen3.6-35b-a3b-fp8,chat__in-large__out-medium__c256,297,1,false,49983734.952,223123.586,223123.819,50265247.026,281512.074,223123.819,11027,512,false,8.77,,,200,,,,,
2026-05-09T12-18-49Z__chat__qwen3.6-35b-a3b-fp8,chat__in-large__out-medium__c256,40,2,false,49753380.229,222052.616,462203.174,50270134.675,516754.446,462203.174,11070,466,false,8.54,,,200,,,,,
2026-05-09T12-18-49Z__chat__qwen3.6-35b-a3b-fp8,chat__in-large__out-medium__c256,298,1,false,49990675.888,219383.418,219383.685,50272984.560,282308.672,219383.685,10993,510,false,8.10,,,200,,,,,
2026-05-09T12-18-49Z__chat__qwen3.6-35b-a3b-fp8,chat__in-large__out-medium__c256,41,2,false,49753382.063,225887.496,466057.321,50279313.254,525931.191,466057.321,11011,512,false,8.55,,,200,,,,,
2026-05-09T12-18-49Z__chat__qwen3.6-35b-a3b-fp8,chat__in-large__out-medium__c256,37,2,false,49753374.903,233994.961,474163.729,50282752.370,529377.466,474163.729,11029,512,false,9.27,,,200,,,,,
2026-05-09T12-18-49Z__chat__qwen3.6-35b-a3b-fp8,chat__in-large__out-medium__c256,55,2,false,49753409.429,236483.213,476634.120,50285880.631,532471.202,476634.120,11023,512,false,9.17,,,200,,,,,
2026-05-09T12-18-49Z__chat__qwen3.6-35b-a3b-fp8,chat__in-large__out-medium__c256,68,2,false,49753427.699,239102.223,479240.314,50289281.128,535853.428,479240.314,11016,488,false,8.62,,,200,,,,,
2026-05-09T12-18-49Z__chat__qwen3.6-35b-a3b-fp8,chat__in-large__out-medium__c256,309,1,false,50046056.780,239826.322,239826.785,50320107.448,274050.668,239826.785,11105,512,false,14.96,,,200,,,,,
2026-05-09T12-18-49Z__chat__qwen3.6-35b-a3b-fp8,chat__in-large__out-medium__c256,308,1,false,50042616.822,239733.409,239734.241,50339905.196,297288.375,239734.241,11016,512,false,8.90,,,200,,,,,
2026-05-09T12-18-49Z__chat__qwen3.6-35b-a3b-fp8,chat__in-large__out-medium__c256,311,1,false,50059158.278,233381.270,233381.941,50341799.781,282641.503,233381.941,11046,512,false,10.39,,,200,,,,,
2026-05-09T12-18-49Z__chat__qwen3.6-35b-a3b-fp8,chat__in-large__out-medium__c256,313,1,false,50081768.123,218244.148,218245.052,50345733.139,263965.016,218245.052,11072,449,false,9.82,,,200,,,,,
2026-05-09T12-18-49Z__chat__qwen3.6-35b-a3b-fp8,chat__in-large__out-medium__c256,315,1,false,50091069.505,214180.223,214181.191,50348147.136,257077.630,214181.191,11034,434,false,10.12,,,200,,,,,
2026-05-09T12-18-49Z__chat__qwen3.6-35b-a3b-fp8,chat__in-large__out-medium__c256,312,1,false,50065289.257,232112.220,232112.786,50352705.114,287415.857,232112.786,11010,512,false,9.26,,,200,,,,,
2026-05-09T12-18-49Z__chat__qwen3.6-35b-a3b-fp8,chat__in-large__out-medium__c256,310,1,false,50053725.536,235227.369,235227.995,50353873.074,300147.537,235227.995,,821,true,12.65,,,200,,,,,
2026-05-09T12-18-49Z__chat__qwen3.6-35b-a3b-fp8,chat__in-large__out-medium__c256,314,1,false,50085492.994,217594.345,217595.015,50357086.747,271593.753,217595.015,10962,512,false,9.48,,,200,,,,,
2026-05-09T12-18-49Z__chat__qwen3.6-35b-a3b-fp8,chat__in-large__out-medium__c256,316,1,false,50091072.882,216825.738,216826.246,50366476.045,275403.163,216826.246,11031,512,false,8.74,,,200,,,,,
2026-05-09T12-18-49Z__chat__qwen3.6-35b-a3b-fp8,chat__in-large__out-medium__c256,317,1,false,50097406.240,225778.150,225778.942,50376674.706,279268.465,225778.942,11098,496,false,9.27,,,200,,,,,
2026-05-09T12-18-49Z__chat__qwen3.6-35b-a3b-fp8,chat__in-large__out-medium__c256,319,1,false,50104714.267,225370.046,225370.468,50380388.967,275674.700,225370.468,10977,512,false,10.18,,,200,,,,,
2026-05-09T12-18-49Z__chat__qwen3.6-35b-a3b-fp8,chat__in-large__out-medium__c256,318,1,false,50100284.556,226333.899,226334.348,50384247.948,283963.393,226334.348,10975,512,false,8.88,,,200,,,,,
2026-05-09T12-18-49Z__chat__qwen3.6-35b-a3b-fp8,chat__in-large__out-medium__c256,320,1,false,50110722.199,222536.165,222536.627,50389891.378,279169.179,222536.627,11019,497,false,8.78,,,200,,,,,
2026-05-09T12-18-49Z__chat__qwen3.6-35b-a3b-fp8,chat__in-large__out-medium__c256,321,1,false,50111095.530,232237.423,232238.219,50390280.833,279185.303,232238.219,11024,418,false,8.90,,,200,,,,,
2026-05-09T12-18-49Z__chat__qwen3.6-35b-a3b-fp8,chat__in-large__out-medium__c256,323,1,false,50119088.471,230096.090,230096.550,50399087.748,279999.278,230096.550,10987,490,false,9.82,,,200,,,,,
2026-05-09T12-18-49Z__chat__qwen3.6-35b-a3b-fp8,chat__in-large__out-medium__c256,322,1,false,50111099.760,234500.662,234501.218,50402147.597,291047.837,234501.218,11000,512,false,9.05,,,200,,,,,
2026-05-09T12-18-49Z__chat__qwen3.6-35b-a3b-fp8,chat__in-large__out-medium__c256,324,1,false,50122669.145,228936.694,228937.292,50406802.620,284133.475,228937.292,11063,512,false,9.28,,,200,,,,,
2026-05-09T12-18-49Z__chat__qwen3.6-35b-a3b-fp8,chat__in-large__out-medium__c256,325,1,false,50137930.770,218180.407,218180.796,50409720.822,271790.052,218180.796,11043,512,false,9.55,,,200,,,,,
2026-05-09T12-18-49Z__chat__qwen3.6-35b-a3b-fp8,chat__in-large__out-medium__c256,327,1,false,50146568.716,214650.590,214651.351,50412131.188,265562.471,214651.351,11004,512,false,10.06,,,200,,,,,
2026-05-09T12-18-49Z__chat__qwen3.6-35b-a3b-fp8,chat__in-large__out-medium__c256,326,1,false,50142175.918,216441.073,216441.613,50415436.694,273260.777,216441.613,10957,512,false,9.01,,,200,,,,,
2026-05-09T12-18-49Z__chat__qwen3.6-35b-a3b-fp8,chat__in-large__out-medium__c256,328,1,false,50150585.767,218911.850,218912.271,50422069.322,271483.555,218912.271,10969,490,false,9.32,,,200,,,,,
2026-05-09T12-18-49Z__chat__qwen3.6-35b-a3b-fp8,chat__in-large__out-medium__c256,329,1,false,50154156.567,225566.546,225567.135,50428885.828,274729.261,225567.135,10970,402,false,8.18,,,200,,,,,
2026-05-09T12-18-49Z__chat__qwen3.6-35b-a3b-fp8,chat__in-large__out-medium__c256,330,1,false,50154550.162,228889.639,228890.225,50438310.522,283760.360,228890.225,10982,485,false,8.84,,,200,,,,,
2026-05-09T12-18-49Z__chat__qwen3.6-35b-a3b-fp8,chat__in-large__out-medium__c256,332,1,false,50168706.349,224580.230,224580.678,50444263.118,275556.769,224580.678,11055,512,false,10.04,,,200,,,,,
2026-05-09T12-18-49Z__chat__qwen3.6-35b-a3b-fp8,chat__in-large__out-medium__c256,331,1,false,50162696.904,224597.357,224597.788,50445662.871,282965.967,224597.788,11028,512,false,8.77,,,200,,,,,
2026-05-09T12-18-49Z__chat__qwen3.6-35b-a3b-fp8,chat__in-large__out-medium__c256,333,1,false,50169091.517,226548.646,226549.299,50448673.435,279581.918,226549.299,10975,512,false,9.65,,,200,,,,,
2026-05-09T12-18-49Z__chat__qwen3.6-35b-a3b-fp8,chat__in-large__out-medium__c256,334,1,false,50173576.455,228577.999,228578.297,50456090.068,282513.613,228578.297,11043,480,false,8.90,,,200,,,,,
2026-05-09T12-18-49Z__chat__qwen3.6-35b-a3b-fp8,chat__in-large__out-medium__c256,335,1,false,50174595.445,230645.615,230645.989,50458948.765,284353.320,230645.989,11104,512,false,9.53,,,200,,,,,
2026-05-09T12-18-49Z__chat__qwen3.6-35b-a3b-fp8,chat__in-large__out-medium__c256,337,1,false,50194602.354,218559.228,218559.977,50462981.684,268379.329,218559.977,10997,456,false,9.15,,,200,,,,,
2026-05-09T12-18-49Z__chat__qwen3.6-35b-a3b-fp8,chat__in-large__out-medium__c256,336,1,false,50176038.457,233688.505,233688.774,50464879.019,288840.562,233688.774,11017,512,false,9.28,,,200,,,,,
2026-05-09T12-18-49Z__chat__qwen3.6-35b-a3b-fp8,chat__in-large__out-medium__c256,338,1,false,50198395.638,220064.696,220064.947,50471115.943,272720.305,220064.947,11019,512,false,9.72,,,200,,,,,
2026-05-09T12-18-49Z__chat__qwen3.6-35b-a3b-fp8,chat__in-large__out-medium__c256,339,1,false,50198399.252,217042.025,217042.485,50471121.803,272722.551,217042.485,11017,512,false,9.20,,,200,,,,,
2026-05-09T12-18-49Z__chat__qwen3.6-35b-a3b-fp8,chat__in-large__out-medium__c256,340,1,false,50200263.252,224850.974,224851.498,50482191.208,281927.956,224851.498,11004,512,false,8.97,,,200,,,,,
2026-05-09T12-18-49Z__chat__qwen3.6-35b-a3b-fp8,chat__in-large__out-medium__c256,341,1,false,50206999.487,224944.756,224945.797,50487530.218,280530.731,224945.797,10977,490,false,8.82,,,200,,,,,
2026-05-09T12-18-49Z__chat__qwen3.6-35b-a3b-fp8,chat__in-large__out-medium__c256,342,1,false,50212517.463,228855.069,228855.560,50497075.245,284557.782,228855.560,10994,485,false,8.71,,,200,,,,,
2026-05-09T12-18-49Z__chat__qwen3.6-35b-a3b-fp8,chat__in-large__out-medium__c256,343,1,false,50216396.639,231289.145,231289.891,50502393.751,285997.112,231289.891,11044,512,false,9.36,,,200,,,,,
2026-05-09T12-18-49Z__chat__qwen3.6-35b-a3b-fp8,chat__in-large__out-medium__c256,344,1,false,50224147.822,226055.261,226055.950,50508361.720,284213.898,226055.950,11015,512,false,8.80,,,200,,,,,
2026-05-09T12-18-49Z__chat__qwen3.6-35b-a3b-fp8,chat__in-large__out-medium__c256,346,1,false,50227054.808,232329.187,232329.699,50513198.189,286143.381,232329.699,10955,512,false,9.51,,,200,,,,,
2026-05-09T12-18-49Z__chat__qwen3.6-35b-a3b-fp8,chat__in-large__out-medium__c256,39,3,false,49753378.485,228211.403,708663.087,50515102.593,761724.108,708663.087,10963,512,false,9.65,,,200,,,,,
2026-05-09T12-18-49Z__chat__qwen3.6-35b-a3b-fp8,chat__in-large__out-medium__c256,345,1,false,50225552.944,227297.147,227297.661,50517182.738,291629.794,227297.661,10996,512,false,7.96,,,200,,,,,
2026-05-09T12-18-49Z__chat__qwen3.6-35b-a3b-fp8,chat__in-large__out-medium__c256,71,3,false,49753431.725,234832.637,715267.473,50522066.639,768634.914,715267.473,10977,468,false,8.77,,,200,,,,,
2026-05-09T12-18-49Z__chat__qwen3.6-35b-a3b-fp8,chat__in-large__out-medium__c256,85,3,false,49753449.624,232569.567,712972.415,50529290.977,775841.353,712972.415,11070,496,false,7.89,,,200,,,,,
2026-05-09T12-18-49Z__chat__qwen3.6-35b-a3b-fp8,chat__in-large__out-medium__c256,360,1,false,50339907.643,206686.448,206687.136,50592963.122,253055.479,206687.136,10993,486,false,10.48,,,200,,,,,
2026-05-09T12-18-49Z__chat__qwen3.6-35b-a3b-fp8,chat__in-large__out-medium__c256,359,1,false,50320109.277,224335.389,224336.700,50595827.841,275718.564,224336.700,11054,485,false,9.44,,,200,,,,,
2026-05-09T12-18-49Z__chat__qwen3.6-35b-a3b-fp8,chat__in-large__out-medium__c256,367,1,false,50366477.845,196806.987,196807.742,50599894.592,233416.747,196807.742,11046,472,false,12.89,,,200,,,,,
2026-05-09T12-18-49Z__chat__qwen3.6-35b-a3b-fp8,chat__in-large__out-medium__c256,363,1,false,50348150.079,205023.697,205024.371,50601297.777,253147.697,205024.371,10952,512,false,10.64,,,200,,,,,
2026-05-09T12-18-49Z__chat__qwen3.6-35b-a3b-fp8,chat__in-large__out-medium__c256,366,1,false,50357089.254,203692.629,203693.303,50602806.300,245717.046,203693.303,10940,442,false,10.52,,,200,,,,,
2026-05-09T12-18-49Z__chat__qwen3.6-35b-a3b-fp8,chat__in-large__out-medium__c256,361,1,false,50341801.539,207091.618,207092.189,50606787.071,264985.532,207092.189,10987,512,false,8.84,,,200,,,,,
2026-05-09T12-18-49Z__chat__qwen3.6-35b-a3b-fp8,chat__in-large__out-medium__c256,365,1,false,50353875.140,204160.935,204161.370,50610298.997,256423.856,204161.370,10986,512,false,9.80,,,200,,,,,
2026-05-09T12-18-49Z__chat__qwen3.6-35b-a3b-fp8,chat__in-large__out-medium__c256,368,1,false,50376676.683,189477.799,189478.335,50611821.509,235144.826,189478.335,11042,512,false,11.21,,,200,,,,,
2026-05-09T12-18-49Z__chat__qwen3.6-35b-a3b-fp8,chat__in-large__out-medium__c256,362,1,false,50345735.414,205269.388,205270.237,50615777.618,270042.204,205270.237,10994,512,false,7.90,,,200,,,,,
2026-05-09T12-18-49Z__chat__qwen3.6-35b-a3b-fp8,chat__in-large__out-medium__c256,369,1,false,50380390.940,188067.033,188067.580,50619947.280,239556.340,188067.580,10957,512,false,9.94,,,200,,,,,
2026-05-09T12-18-49Z__chat__qwen3.6-35b-a3b-fp8,chat__in-large__out-medium__c256,364,1,false,50352706.714,203068.517,203068.889,50623623.826,270917.112,203068.889,10970,512,false,7.55,,,200,,,,,
2026-05-09T12-18-49Z__chat__qwen3.6-35b-a3b-fp8,chat__in-large__out-medium__c256,370,1,false,50384250.254,186692.597,186693.188,50624520.223,240269.969,186693.188,10970,512,false,9.56,,,200,,,,,
2026-05-09T12-18-49Z__chat__qwen3.6-35b-a3b-fp8,chat__in-large__out-medium__c256,372,1,false,50390283.018,208640.484,208641.006,50647622.845,257339.827,208641.006,10930,512,false,10.51,,,200,,,,,
2026-05-09T12-18-49Z__chat__qwen3.6-35b-a3b-fp8,chat__in-large__out-medium__c256,371,1,false,50389893.184,206371.466,206372.412,50653250.170,263356.987,206372.412,10973,508,false,8.91,,,200,,,,,
2026-05-09T12-18-49Z__chat__qwen3.6-35b-a3b-fp8,chat__in-large__out-medium__c256,373,1,false,50399089.330,204209.901,204210.466,50656460.643,257371.313,204210.466,11042,509,false,9.57,,,200,,,,,
2026-05-09T12-18-49Z__chat__qwen3.6-35b-a3b-fp8,chat__in-large__out-medium__c256,375,1,false,50406805.820,202000.622,202001.113,50658368.975,251563.155,202001.113,11123,512,false,10.33,,,200,,,,,
2026-05-09T12-18-49Z__chat__qwen3.6-35b-a3b-fp8,chat__in-large__out-medium__c256,374,1,false,50402150.325,203655.641,203656.118,50658861.471,256711.146,203656.118,11008,508,false,9.57,,,200,,,,,
2026-05-09T12-18-49Z__chat__qwen3.6-35b-a3b-fp8,chat__in-large__out-medium__c256,376,1,false,50409723.211,202103.889,202104.336,50660849.801,251126.590,202104.336,11050,512,false,10.44,,,200,,,,,
2026-05-09T12-18-49Z__chat__qwen3.6-35b-a3b-fp8,chat__in-large__out-medium__c256,380,1,false,50428888.182,194070.415,194070.843,50667895.568,239007.387,194070.843,10924,505,false,11.24,,,200,,,,,
2026-05-09T12-18-49Z__chat__qwen3.6-35b-a3b-fp8,chat__in-large__out-medium__c256,377,1,false,50412132.748,202162.654,202163.739,50670940.254,258807.506,202163.739,11098,512,false,9.04,,,200,,,,,
2026-05-09T12-18-49Z__chat__qwen3.6-35b-a3b-fp8,chat__in-large__out-medium__c256,378,1,false,50415438.785,201852.832,201853.397,50671825.061,256386.277,201853.397,11025,512,false,9.39,,,200,,,,,
2026-05-09T12-18-49Z__chat__qwen3.6-35b-a3b-fp8,chat__in-large__out-medium__c256,382,1,false,50444264.973,185017.780,185018.178,50677553.224,233288.251,185018.178,11023,504,false,10.44,,,200,,,,,
2026-05-09T12-18-49Z__chat__qwen3.6-35b-a3b-fp8,chat__in-large__out-medium__c256,379,1,false,50422070.789,197353.183,197353.578,50678943.927,256873.138,197353.578,10966,512,false,8.60,,,200,,,,,
2026-05-09T12-18-49Z__chat__qwen3.6-35b-a3b-fp8,chat__in-large__out-medium__c256,381,1,false,50438312.281,188700.991,188701.594,50681935.185,243622.904,188701.594,10966,512,false,9.32,,,200,,,,,
2026-05-09T12-18-49Z__chat__qwen3.6-35b-a3b-fp8,chat__in-large__out-medium__c256,385,1,false,50456092.638,203788.646,203789.275,50703790.901,247698.263,203789.275,11023,454,false,10.34,,,200,,,,,
2026-05-09T12-18-49Z__chat__qwen3.6-35b-a3b-fp8,chat__in-large__out-medium__c256,383,1,false,50445664.524,205001.955,205002.702,50705196.476,259531.952,205002.702,10926,475,false,8.71,,,200,,,,,
2026-05-09T12-18-49Z__chat__qwen3.6-35b-a3b-fp8,chat__in-large__out-medium__c256,384,1,false,50448674.974,207642.402,207643.010,50710747.569,262072.595,207643.010,10998,512,false,9.41,,,200,,,,,
2026-05-09T12-18-49Z__chat__qwen3.6-35b-a3b-fp8,chat__in-large__out-medium__c256,387,1,false,50462983.897,202341.439,202341.906,50713614.697,250630.799,202341.906,11058,460,false,9.53,,,200,,,,,
2026-05-09T12-18-49Z__chat__qwen3.6-35b-a3b-fp8,chat__in-large__out-medium__c256,44,1,false,49753387.780,,,50714530.474,961142.694,,,,false,,,,,timeout,The operation was aborted.,,,
2026-05-09T12-18-49Z__chat__qwen3.6-35b-a3b-fp8,chat__in-large__out-medium__c256,62,1,false,49753419.403,,,50714536.490,961117.087,,,,false,,,,,timeout,The operation was aborted.,,,
2026-05-09T12-18-49Z__chat__qwen3.6-35b-a3b-fp8,chat__in-large__out-medium__c256,80,1,false,49753443.496,,,50714557.662,961114.166,,,,false,,,,,timeout,The operation was aborted.,,,
2026-05-09T12-18-49Z__chat__qwen3.6-35b-a3b-fp8,chat__in-large__out-medium__c256,70,1,false,49753430.398,,,50714566.727,961136.329,,,,false,,,,,timeout,The operation was aborted.,,,
2026-05-09T12-18-49Z__chat__qwen3.6-35b-a3b-fp8,chat__in-large__out-medium__c256,175,1,false,49753574.681,,,50714572.773,960998.093,,,,false,,,,,timeout,The operation was aborted.,,,
2026-05-09T12-18-49Z__chat__qwen3.6-35b-a3b-fp8,chat__in-large__out-medium__c256,89,1,false,49753454.354,,,50714580.507,961126.153,,,,false,,,,,timeout,The operation was aborted.,,,
2026-05-09T12-18-49Z__chat__qwen3.6-35b-a3b-fp8,chat__in-large__out-medium__c256,63,1,false,49753420.901,,,50714589.005,961168.104,,,,false,,,,,timeout,The operation was aborted.,,,
2026-05-09T12-18-49Z__chat__qwen3.6-35b-a3b-fp8,chat__in-large__out-medium__c256,145,1,false,49753537.009,,,50714592.464,961055.455,,,,false,,,,,timeout,The operation was aborted.,,,
2026-05-09T12-18-49Z__chat__qwen3.6-35b-a3b-fp8,chat__in-large__out-medium__c256,99,1,false,49753466.732,,,50714599.166,961132.434,,,,false,,,,,timeout,The operation was aborted.,,,
2026-05-09T12-18-49Z__chat__qwen3.6-35b-a3b-fp8,chat__in-large__out-medium__c256,105,1,false,49753475.114,,,50714601.028,961125.914,,,,false,,,,,timeout,The operation was aborted.,,,
2026-05-09T12-18-49Z__chat__qwen3.6-35b-a3b-fp8,chat__in-large__out-medium__c256,138,1,false,49753528.136,,,50714602.543,961074.407,,,,false,,,,,timeout,The operation was aborted.,,,
2026-05-09T12-18-49Z__chat__qwen3.6-35b-a3b-fp8,chat__in-large__out-medium__c256,172,1,false,49753570.735,,,50714604.483,961033.749,,,,false,,,,,timeout,The operation was aborted.,,,
2026-05-09T12-18-49Z__chat__qwen3.6-35b-a3b-fp8,chat__in-large__out-medium__c256,219,1,false,49753637.932,,,50714606.662,960968.729,,,,false,,,,,timeout,The operation was aborted.,,,
2026-05-09T12-18-49Z__chat__qwen3.6-35b-a3b-fp8,chat__in-large__out-medium__c256,53,1,false,49753405.723,,,50714613.321,961207.598,,,,false,,,,,timeout,The operation was aborted.,,,
2026-05-09T12-18-49Z__chat__qwen3.6-35b-a3b-fp8,chat__in-large__out-medium__c256,163,1,false,49753559.186,,,50714615.302,961056.115,,,,false,,,,,timeout,The operation was aborted.,,,
2026-05-09T12-18-49Z__chat__qwen3.6-35b-a3b-fp8,chat__in-large__out-medium__c256,128,1,false,49753515.238,,,50714619.181,961103.943,,,,false,,,,,timeout,The operation was aborted.,,,
2026-05-09T12-18-49Z__chat__qwen3.6-35b-a3b-fp8,chat__in-large__out-medium__c256,204,1,false,49753613.709,,,50714625.481,961011.772,,,,false,,,,,timeout,The operation was aborted.,,,
2026-05-09T12-18-49Z__chat__qwen3.6-35b-a3b-fp8,chat__in-large__out-medium__c256,45,1,false,49753389.681,,,50714627.491,961237.810,,,,false,,,,,timeout,The operation was aborted.,,,
2026-05-09T12-18-49Z__chat__qwen3.6-35b-a3b-fp8,chat__in-large__out-medium__c256,90,1,false,49753455.538,,,50714630.418,961174.880,,,,false,,,,,timeout,The operation was aborted.,,,
2026-05-09T12-18-49Z__chat__qwen3.6-35b-a3b-fp8,chat__in-large__out-medium__c256,83,1,false,49753447.305,,,50714632.317,961185.012,,,,false,,,,,timeout,The operation was aborted.,,,
2026-05-09T12-18-49Z__chat__qwen3.6-35b-a3b-fp8,chat__in-large__out-medium__c256,59,1,false,49753415.083,,,50714635.102,961220.020,,,,false,,,,,timeout,The operation was aborted.,,,
2026-05-09T12-18-49Z__chat__qwen3.6-35b-a3b-fp8,chat__in-large__out-medium__c256,141,1,false,49753531.829,,,50714636.612,961104.783,,,,false,,,,,timeout,The operation was aborted.,,,
2026-05-09T12-18-49Z__chat__qwen3.6-35b-a3b-fp8,chat__in-large__out-medium__c256,152,1,false,49753545.047,,,50714652.191,961107.145,,,,false,,,,,timeout,The operation was aborted.,,,
2026-05-09T12-18-49Z__chat__qwen3.6-35b-a3b-fp8,chat__in-large__out-medium__c256,56,1,false,49753410.997,,,50714655.052,961244.055,,,,false,,,,,timeout,The operation was aborted.,,,
2026-05-09T12-18-49Z__chat__qwen3.6-35b-a3b-fp8,chat__in-large__out-medium__c256,95,1,false,49753461.206,,,50714669.480,961208.273,,,,false,,,,,timeout,The operation was aborted.,,,
2026-05-09T12-18-49Z__chat__qwen3.6-35b-a3b-fp8,chat__in-large__out-medium__c256,101,1,false,49753469.771,,,50714678.658,961208.887,,,,false,,,,,timeout,The operation was aborted.,,,
2026-05-09T12-18-49Z__chat__qwen3.6-35b-a3b-fp8,chat__in-large__out-medium__c256,181,1,false,49753582.988,,,50714680.527,961097.539,,,,false,,,,,timeout,The operation was aborted.,,,
2026-05-09T12-18-49Z__chat__qwen3.6-35b-a3b-fp8,chat__in-large__out-medium__c256,72,1,false,49753433.110,,,50714686.397,961253.287,,,,false,,,,,timeout,The operation was aborted.,,,
2026-05-09T12-18-49Z__chat__qwen3.6-35b-a3b-fp8,chat__in-large__out-medium__c256,111,1,false,49753487.977,,,50714688.124,961200.147,,,,false,,,,,timeout,The operation was aborted.,,,
2026-05-09T12-18-49Z__chat__qwen3.6-35b-a3b-fp8,chat__in-large__out-medium__c256,200,1,false,49753608.346,,,50714689.572,961081.226,,,,false,,,,,timeout,The operation was aborted.,,,
2026-05-09T12-18-49Z__chat__qwen3.6-35b-a3b-fp8,chat__in-large__out-medium__c256,98,1,false,49753465.219,,,50714690.887,961225.668,,,,false,,,,,timeout,The operation was aborted.,,,
2026-05-09T12-18-49Z__chat__qwen3.6-35b-a3b-fp8,chat__in-large__out-medium__c256,148,1,false,49753540.435,,,50714692.626,961152.191,,,,false,,,,,timeout,The operation was aborted.,,,
2026-05-09T12-18-49Z__chat__qwen3.6-35b-a3b-fp8,chat__in-large__out-medium__c256,209,1,false,49753620.327,,,50714694.258,961073.931,,,,false,,,,,timeout,The operation was aborted.,,,
2026-05-09T12-18-49Z__chat__qwen3.6-35b-a3b-fp8,chat__in-large__out-medium__c256,92,1,false,49753457.746,,,50714696.729,961238.984,,,,false,,,,,timeout,The operation was aborted.,,,
2026-05-09T12-18-49Z__chat__qwen3.6-35b-a3b-fp8,chat__in-large__out-medium__c256,82,1,false,49753446.053,,,50714699.612,961253.559,,,,false,,,,,timeout,The operation was aborted.,,,
2026-05-09T12-18-49Z__chat__qwen3.6-35b-a3b-fp8,chat__in-large__out-medium__c256,137,1,false,49753526.918,,,50714700.957,961174.039,,,,false,,,,,timeout,The operation was aborted.,,,
2026-05-09T12-18-49Z__chat__qwen3.6-35b-a3b-fp8,chat__in-large__out-medium__c256,139,1,false,49753529.390,,,50714706.683,961177.293,,,,false,,,,,timeout,The operation was aborted.,,,
2026-05-09T12-18-49Z__chat__qwen3.6-35b-a3b-fp8,chat__in-large__out-medium__c256,135,1,false,49753524.538,,,50714708.479,961183.941,,,,false,,,,,timeout,The operation was aborted.,,,
2026-05-09T12-18-49Z__chat__qwen3.6-35b-a3b-fp8,chat__in-large__out-medium__c256,246,1,false,49753677.400,,,50714710.294,961032.894,,,,false,,,,,timeout,The operation was aborted.,,,
2026-05-09T12-18-49Z__chat__qwen3.6-35b-a3b-fp8,chat__in-large__out-medium__c256,106,1,false,49753476.369,,,50714712.700,961236.330,,,,false,,,,,timeout,The operation was aborted.,,,
2026-05-09T12-18-49Z__chat__qwen3.6-35b-a3b-fp8,chat__in-large__out-medium__c256,165,1,false,49753561.824,,,50714716.510,961154.686,,,,false,,,,,timeout,The operation was aborted.,,,
2026-05-09T12-18-49Z__chat__qwen3.6-35b-a3b-fp8,chat__in-large__out-medium__c256,118,1,false,49753500.900,,,50714722.544,961221.645,,,,false,,,,,timeout,The operation was aborted.,,,
2026-05-09T12-18-49Z__chat__qwen3.6-35b-a3b-fp8,chat__in-large__out-medium__c256,161,1,false,49753555.556,,,50714724.367,961168.811,,,,false,,,,,timeout,The operation was aborted.,,,
2026-05-09T12-18-49Z__chat__qwen3.6-35b-a3b-fp8,chat__in-large__out-medium__c256,103,1,false,49753472.450,,,50714725.897,961253.447,,,,false,,,,,timeout,The operation was aborted.,,,
2026-05-09T12-18-49Z__chat__qwen3.6-35b-a3b-fp8,chat__in-large__out-medium__c256,164,1,false,49753560.592,,,50714727.299,961166.707,,,,false,,,,,timeout,The operation was aborted.,,,
2026-05-09T12-18-49Z__chat__qwen3.6-35b-a3b-fp8,chat__in-large__out-medium__c256,229,1,false,49753654.646,,,50714728.543,961073.897,,,,false,,,,,timeout,The operation was aborted.,,,
2026-05-09T12-18-49Z__chat__qwen3.6-35b-a3b-fp8,chat__in-large__out-medium__c256,38,1,false,49753376.620,,,50714730.833,961354.214,,,,false,,,,,timeout,The operation was aborted.,,,
2026-05-09T12-18-49Z__chat__qwen3.6-35b-a3b-fp8,chat__in-large__out-medium__c256,232,1,false,49753658.648,,,50714735.395,961076.747,,,,false,,,,,timeout,The operation was aborted.,,,
2026-05-09T12-18-49Z__chat__qwen3.6-35b-a3b-fp8,chat__in-large__out-medium__c256,121,1,false,49753505.755,,,50714741.531,961235.776,,,,false,,,,,timeout,The operation was aborted.,,,
2026-05-09T12-18-49Z__chat__qwen3.6-35b-a3b-fp8,chat__in-large__out-medium__c256,157,1,false,49753550.798,,,50714744.028,961193.231,,,,false,,,,,timeout,The operation was aborted.,,,
2026-05-09T12-18-49Z__chat__qwen3.6-35b-a3b-fp8,chat__in-large__out-medium__c256,67,1,false,49753426.334,,,50714749.310,961322.976,,,,false,,,,,timeout,The operation was aborted.,,,
2026-05-09T12-18-49Z__chat__qwen3.6-35b-a3b-fp8,chat__in-large__out-medium__c256,212,1,false,49753625.126,,,50714754.232,961129.107,,,,false,,,,,timeout,The operation was aborted.,,,
2026-05-09T12-18-49Z__chat__qwen3.6-35b-a3b-fp8,chat__in-large__out-medium__c256,126,1,false,49753512.571,,,50714755.769,961243.198,,,,false,,,,,timeout,The operation was aborted.,,,
2026-05-09T12-18-49Z__chat__qwen3.6-35b-a3b-fp8,chat__in-large__out-medium__c256,86,1,false,49753450.768,,,50714757.132,961306.364,,,,false,,,,,timeout,The operation was aborted.,,,
2026-05-09T12-18-49Z__chat__qwen3.6-35b-a3b-fp8,chat__in-large__out-medium__c256,180,1,false,49753581.592,,,50714758.579,961176.988,,,,false,,,,,timeout,The operation was aborted.,,,
2026-05-09T12-18-49Z__chat__qwen3.6-35b-a3b-fp8,chat__in-large__out-medium__c256,217,1,false,49753634.446,,,50714775.495,961141.049,,,,false,,,,,timeout,The operation was aborted.,,,
2026-05-09T12-18-49Z__chat__qwen3.6-35b-a3b-fp8,chat__in-large__out-medium__c256,197,1,false,49753604.302,,,50714777.649,961173.347,,,,false,,,,,timeout,The operation was aborted.,,,
2026-05-09T12-18-49Z__chat__qwen3.6-35b-a3b-fp8,chat__in-large__out-medium__c256,214,1,false,49753627.951,,,50714783.174,961155.223,,,,false,,,,,timeout,The operation was aborted.,,,
2026-05-09T12-18-49Z__chat__qwen3.6-35b-a3b-fp8,chat__in-large__out-medium__c256,153,1,false,49753546.176,,,50714786.534,961240.358,,,,false,,,,,timeout,The operation was aborted.,,,
2026-05-09T12-18-49Z__chat__qwen3.6-35b-a3b-fp8,chat__in-large__out-medium__c256,109,1,false,49753483.794,,,50714791.672,961307.878,,,,false,,,,,timeout,The operation was aborted.,,,
2026-05-09T12-18-49Z__chat__qwen3.6-35b-a3b-fp8,chat__in-large__out-medium__c256,73,1,false,49753434.384,,,50714793.625,961359.241,,,,false,,,,,timeout,The operation was aborted.,,,
2026-05-09T12-18-49Z__chat__qwen3.6-35b-a3b-fp8,chat__in-large__out-medium__c256,241,1,false,49753670.822,,,50714794.952,961124.130,,,,false,,,,,timeout,The operation was aborted.,,,
2026-05-09T12-18-49Z__chat__qwen3.6-35b-a3b-fp8,chat__in-large__out-medium__c256,215,1,false,49753629.298,,,50714796.134,961166.836,,,,false,,,,,timeout,The operation was aborted.,,,
2026-05-09T12-18-49Z__chat__qwen3.6-35b-a3b-fp8,chat__in-large__out-medium__c256,218,1,false,49753636.249,,,50714805.471,961169.223,,,,false,,,,,timeout,The operation was aborted.,,,
2026-05-09T12-18-49Z__chat__qwen3.6-35b-a3b-fp8,chat__in-large__out-medium__c256,113,1,false,49753491.936,,,50714808.286,961316.350,,,,false,,,,,timeout,The operation was aborted.,,,
2026-05-09T12-18-49Z__chat__qwen3.6-35b-a3b-fp8,chat__in-large__out-medium__c256,177,1,false,49753577.479,,,50714810.484,961233.005,,,,false,,,,,timeout,The operation was aborted.,,,
2026-05-09T12-18-49Z__chat__qwen3.6-35b-a3b-fp8,chat__in-large__out-medium__c256,230,1,false,49753656.003,,,50714812.560,961156.558,,,,false,,,,,timeout,The operation was aborted.,,,
2026-05-09T12-18-49Z__chat__qwen3.6-35b-a3b-fp8,chat__in-large__out-medium__c256,149,1,false,49753541.601,,,50714815.320,961273.719,,,,false,,,,,timeout,The operation was aborted.,,,
2026-05-09T12-18-49Z__chat__qwen3.6-35b-a3b-fp8,chat__in-large__out-medium__c256,158,1,false,49753551.900,,,50714829.686,961277.786,,,,false,,,,,timeout,The operation was aborted.,,,
2026-05-09T12-18-49Z__chat__qwen3.6-35b-a3b-fp8,chat__in-large__out-medium__c256,168,1,false,49753565.672,,,50714834.603,961268.930,,,,false,,,,,timeout,The operation was aborted.,,,
2026-05-09T12-18-49Z__chat__qwen3.6-35b-a3b-fp8,chat__in-large__out-medium__c256,196,1,false,49753602.927,,,50714836.499,961233.572,,,,false,,,,,timeout,The operation was aborted.,,,
2026-05-09T12-18-49Z__chat__qwen3.6-35b-a3b-fp8,chat__in-large__out-medium__c256,150,1,false,49753542.733,,,50714841.381,961298.648,,,,false,,,,,timeout,The operation was aborted.,,,
2026-05-09T12-18-49Z__chat__qwen3.6-35b-a3b-fp8,chat__in-large__out-medium__c256,166,1,false,49753563.069,,,50714843.071,961280.001,,,,false,,,,,timeout,The operation was aborted.,,,
2026-05-09T12-18-49Z__chat__qwen3.6-35b-a3b-fp8,chat__in-large__out-medium__c256,192,1,false,49753597.565,,,50714844.431,961246.867,,,,false,,,,,timeout,The operation was aborted.,,,
2026-05-09T12-18-49Z__chat__qwen3.6-35b-a3b-fp8,chat__in-large__out-medium__c256,253,1,false,49753686.529,,,50714848.364,961161.835,,,,false,,,,,timeout,The operation was aborted.,,,
2026-05-09T12-18-49Z__chat__qwen3.6-35b-a3b-fp8,chat__in-large__out-medium__c256,173,1,false,49753572.062,,,50714851.413,961279.351,,,,false,,,,,timeout,The operation was aborted.,,,
2026-05-09T12-18-49Z__chat__qwen3.6-35b-a3b-fp8,chat__in-large__out-medium__c256,194,1,false,49753600.166,,,50714853.315,961253.149,,,,false,,,,,timeout,The operation was aborted.,,,
2026-05-09T12-18-49Z__chat__qwen3.6-35b-a3b-fp8,chat__in-large__out-medium__c256,162,1,false,49753557.891,,,50714856.545,961298.654,,,,false,,,,,timeout,The operation was aborted.,,,
2026-05-09T12-18-49Z__chat__qwen3.6-35b-a3b-fp8,chat__in-large__out-medium__c256,188,1,false,49753592.167,,,50714858.059,961265.892,,,,false,,,,,timeout,The operation was aborted.,,,
2026-05-09T12-18-49Z__chat__qwen3.6-35b-a3b-fp8,chat__in-large__out-medium__c256,201,1,false,49753609.662,,,50714859.385,961249.723,,,,false,,,,,timeout,The operation was aborted.,,,
2026-05-09T12-18-49Z__chat__qwen3.6-35b-a3b-fp8,chat__in-large__out-medium__c256,136,1,false,49753525.785,,,50714869.467,961343.681,,,,false,,,,,timeout,The operation was aborted.,,,
2026-05-09T12-18-49Z__chat__qwen3.6-35b-a3b-fp8,chat__in-large__out-medium__c256,160,1,false,49753554.287,,,50714876.856,961322.569,,,,false,,,,,timeout,The operation was aborted.,,,
2026-05-09T12-18-49Z__chat__qwen3.6-35b-a3b-fp8,chat__in-large__out-medium__c256,120,1,false,49753504.345,,,50714878.973,961374.627,,,,false,,,,,timeout,The operation was aborted.,,,
2026-05-09T12-18-49Z__chat__qwen3.6-35b-a3b-fp8,chat__in-large__out-medium__c256,183,1,false,49753585.520,,,50714888.288,961302.768,,,,false,,,,,timeout,The operation was aborted.,,,
2026-05-09T12-18-49Z__chat__qwen3.6-35b-a3b-fp8,chat__in-large__out-medium__c256,84,1,false,49753448.467,,,50714888.569,961440.101,,,,false,,,,,timeout,The operation was aborted.,,,
2026-05-09T12-18-49Z__chat__qwen3.6-35b-a3b-fp8,chat__in-large__out-medium__c256,78,1,false,49753440.979,,,50714888.652,961447.673,,,,false,,,,,timeout,The operation was aborted.,,,
2026-05-09T12-18-49Z__chat__qwen3.6-35b-a3b-fp8,chat__in-large__out-medium__c256,76,1,false,49753438.357,,,50714891.079,961452.722,,,,false,,,,,timeout,The operation was aborted.,,,
2026-05-09T12-18-49Z__chat__qwen3.6-35b-a3b-fp8,chat__in-large__out-medium__c256,211,1,false,49753623.024,,,50714891.242,961268.218,,,,false,,,,,timeout,The operation was aborted.,,,
2026-05-09T12-18-49Z__chat__qwen3.6-35b-a3b-fp8,chat__in-large__out-medium__c256,79,1,false,49753442.247,,,50714891.318,961449.072,,,,false,,,,,timeout,The operation was aborted.,,,
2026-05-09T12-18-49Z__chat__qwen3.6-35b-a3b-fp8,chat__in-large__out-medium__c256,51,1,false,49753400.263,,,50714891.376,961491.113,,,,false,,,,,timeout,The operation was aborted.,,,
2026-05-09T12-18-49Z__chat__qwen3.6-35b-a3b-fp8,chat__in-large__out-medium__c256,50,1,false,49753398.516,,,50714891.424,961492.908,,,,false,,,,,timeout,The operation was aborted.,,,
2026-05-09T12-18-49Z__chat__qwen3.6-35b-a3b-fp8,chat__in-large__out-medium__c256,191,1,false,49753596.180,,,50714891.475,961295.295,,,,false,,,,,timeout,The operation was aborted.,,,
2026-05-09T12-18-49Z__chat__qwen3.6-35b-a3b-fp8,chat__in-large__out-medium__c256,221,1,false,49753641.365,,,50714896.104,961254.738,,,,false,,,,,timeout,The operation was aborted.,,,
2026-05-09T12-18-49Z__chat__qwen3.6-35b-a3b-fp8,chat__in-large__out-medium__c256,124,1,false,49753509.847,,,50714896.348,961386.501,,,,false,,,,,timeout,The operation was aborted.,,,
2026-05-09T12-18-49Z__chat__qwen3.6-35b-a3b-fp8,chat__in-large__out-medium__c256,238,1,false,49753666.706,,,50714896.414,961229.709,,,,false,,,,,timeout,The operation was aborted.,,,
2026-05-09T12-18-49Z__chat__qwen3.6-35b-a3b-fp8,chat__in-large__out-medium__c256,199,1,false,49753606.929,,,50714909.528,961302.598,,,,false,,,,,timeout,The operation was aborted.,,,
2026-05-09T12-18-49Z__chat__qwen3.6-35b-a3b-fp8,chat__in-large__out-medium__c256,108,1,false,49753481.600,,,50714909.975,961428.375,,,,false,,,,,timeout,The operation was aborted.,,,
2026-05-09T12-18-49Z__chat__qwen3.6-35b-a3b-fp8,chat__in-large__out-medium__c256,156,1,false,49753549.679,,,50714912.455,961362.776,,,,false,,,,,timeout,The operation was aborted.,,,
2026-05-09T12-18-49Z__chat__qwen3.6-35b-a3b-fp8,chat__in-large__out-medium__c256,206,1,false,49753616.248,,,50714921.568,961305.320,,,,false,,,,,timeout,The operation was aborted.,,,
2026-05-09T12-18-49Z__chat__qwen3.6-35b-a3b-fp8,chat__in-large__out-medium__c256,190,1,false,49753594.883,,,50714921.781,961326.898,,,,false,,,,,timeout,The operation was aborted.,,,
2026-05-09T12-18-49Z__chat__qwen3.6-35b-a3b-fp8,chat__in-large__out-medium__c256,236,1,false,49753664.047,,,50714924.211,961260.164,,,,false,,,,,timeout,The operation was aborted.,,,
2026-05-09T12-18-49Z__chat__qwen3.6-35b-a3b-fp8,chat__in-large__out-medium__c256,169,1,false,49753566.922,,,50714924.377,961357.455,,,,false,,,,,timeout,The operation was aborted.,,,
2026-05-09T12-18-49Z__chat__qwen3.6-35b-a3b-fp8,chat__in-large__out-medium__c256,143,1,false,49753534.286,,,50714926.797,961392.511,,,,false,,,,,timeout,The operation was aborted.,,,
2026-05-09T12-18-49Z__chat__qwen3.6-35b-a3b-fp8,chat__in-large__out-medium__c256,179,1,false,49753580.304,,,50714927.183,961346.879,,,,false,,,,,timeout,The operation was aborted.,,,
2026-05-09T12-18-49Z__chat__qwen3.6-35b-a3b-fp8,chat__in-large__out-medium__c256,129,1,false,49753516.474,,,50714932.641,961416.167,,,,false,,,,,timeout,The operation was aborted.,,,
2026-05-09T12-18-49Z__chat__qwen3.6-35b-a3b-fp8,chat__in-large__out-medium__c256,104,1,false,49753473.779,,,50714932.909,961459.130,,,,false,,,,,timeout,The operation was aborted.,,,
2026-05-09T12-18-49Z__chat__qwen3.6-35b-a3b-fp8,chat__in-large__out-medium__c256,130,1,false,49753517.718,,,50714932.976,961415.258,,,,false,,,,,timeout,The operation was aborted.,,,
2026-05-09T12-18-49Z__chat__qwen3.6-35b-a3b-fp8,chat__in-large__out-medium__c256,36,1,false,49753373.050,,,50714933.169,961560.119,,,,false,,,,,timeout,The operation was aborted.,,,
2026-05-09T12-18-49Z__chat__qwen3.6-35b-a3b-fp8,chat__in-large__out-medium__c256,97,1,false,49753463.686,,,50714940.681,961476.995,,,,false,,,,,timeout,The operation was aborted.,,,
2026-05-09T12-18-49Z__chat__qwen3.6-35b-a3b-fp8,chat__in-large__out-medium__c256,35,1,false,49753371.296,,,50714942.061,961570.765,,,,false,,,,,timeout,The operation was aborted.,,,
2026-05-09T12-18-49Z__chat__qwen3.6-35b-a3b-fp8,chat__in-large__out-medium__c256,249,1,false,49753681.353,,,50714942.186,961260.833,,,,false,,,,,timeout,The operation was aborted.,,,
2026-05-09T12-18-49Z__chat__qwen3.6-35b-a3b-fp8,chat__in-large__out-medium__c256,75,1,false,49753437.033,,,50714945.596,961508.563,,,,false,,,,,timeout,The operation was aborted.,,,
2026-05-09T12-18-49Z__chat__qwen3.6-35b-a3b-fp8,chat__in-large__out-medium__c256,107,1,false,49753477.803,,,50714949.685,961471.882,,,,false,,,,,timeout,The operation was aborted.,,,
2026-05-09T12-18-49Z__chat__qwen3.6-35b-a3b-fp8,chat__in-large__out-medium__c256,224,1,false,49753646.772,,,50714951.056,961304.283,,,,false,,,,,timeout,The operation was aborted.,,,
2026-05-09T12-18-49Z__chat__qwen3.6-35b-a3b-fp8,chat__in-large__out-medium__c256,112,1,false,49753489.987,,,50714951.175,961461.189,,,,false,,,,,timeout,The operation was aborted.,,,
2026-05-09T12-18-49Z__chat__qwen3.6-35b-a3b-fp8,chat__in-large__out-medium__c256,254,1,false,49753687.724,,,50714951.230,961263.506,,,,false,,,,,timeout,The operation was aborted.,,,
2026-05-09T12-18-49Z__chat__qwen3.6-35b-a3b-fp8,chat__in-large__out-medium__c256,174,1,false,49753573.405,,,50714952.426,961379.021,,,,false,,,,,timeout,The operation was aborted.,,,
2026-05-09T12-18-49Z__chat__qwen3.6-35b-a3b-fp8,chat__in-large__out-medium__c256,100,1,false,49753468.391,,,50714952.487,961484.096,,,,false,,,,,timeout,The operation was aborted.,,,
2026-05-09T12-18-49Z__chat__qwen3.6-35b-a3b-fp8,chat__in-large__out-medium__c256,171,1,false,49753569.568,,,50714959.260,961389.692,,,,false,,,,,timeout,The operation was aborted.,,,
2026-05-09T12-18-49Z__chat__qwen3.6-35b-a3b-fp8,chat__in-large__out-medium__c256,147,1,false,49753539.298,,,50714967.929,961428.632,,,,false,,,,,timeout,The operation was aborted.,,,
2026-05-09T12-18-49Z__chat__qwen3.6-35b-a3b-fp8,chat__in-large__out-medium__c256,155,1,false,49753548.536,,,50714968.119,961419.583,,,,false,,,,,timeout,The operation was aborted.,,,
2026-05-09T12-18-49Z__chat__qwen3.6-35b-a3b-fp8,chat__in-large__out-medium__c256,189,1,false,49753593.455,,,50714973.517,961380.062,,,,false,,,,,timeout,The operation was aborted.,,,
2026-05-09T12-18-49Z__chat__qwen3.6-35b-a3b-fp8,chat__in-large__out-medium__c256,178,1,false,49753579.016,,,50714975.925,961396.910,,,,false,,,,,timeout,The operation was aborted.,,,
2026-05-09T12-18-49Z__chat__qwen3.6-35b-a3b-fp8,chat__in-large__out-medium__c256,144,1,false,49753535.465,,,50714984.050,961448.584,,,,false,,,,,timeout,The operation was aborted.,,,
2026-05-09T12-18-49Z__chat__qwen3.6-35b-a3b-fp8,chat__in-large__out-medium__c256,81,1,false,49753444.766,,,50714984.380,961539.614,,,,false,,,,,timeout,The operation was aborted.,,,
2026-05-09T12-18-49Z__chat__qwen3.6-35b-a3b-fp8,chat__in-large__out-medium__c256,146,1,false,49753538.236,,,50714984.943,961446.707,,,,false,,,,,timeout,The operation was aborted.,,,
2026-05-09T12-18-49Z__chat__qwen3.6-35b-a3b-fp8,chat__in-large__out-medium__c256,228,1,false,49753653.232,,,50714986.377,961333.145,,,,false,,,,,timeout,The operation was aborted.,,,
2026-05-09T12-18-49Z__chat__qwen3.6-35b-a3b-fp8,chat__in-large__out-medium__c256,210,1,false,49753621.560,,,50714986.469,961364.909,,,,false,,,,,timeout,The operation was aborted.,,,
2026-05-09T12-18-49Z__chat__qwen3.6-35b-a3b-fp8,chat__in-large__out-medium__c256,88,1,false,49753453.202,,,50714987.856,961534.654,,,,false,,,,,timeout,The operation was aborted.,,,
2026-05-09T12-18-49Z__chat__qwen3.6-35b-a3b-fp8,chat__in-large__out-medium__c256,77,1,false,49753439.712,,,50714989.658,961549.946,,,,false,,,,,timeout,The operation was aborted.,,,
2026-05-09T12-18-49Z__chat__qwen3.6-35b-a3b-fp8,chat__in-large__out-medium__c256,91,1,false,49753456.646,,,50714992.360,961535.713,,,,false,,,,,timeout,The operation was aborted.,,,
2026-05-09T12-18-49Z__chat__qwen3.6-35b-a3b-fp8,chat__in-large__out-medium__c256,48,1,false,49753394.956,,,50714992.507,961597.551,,,,false,,,,,timeout,The operation was aborted.,,,
2026-05-09T12-18-49Z__chat__qwen3.6-35b-a3b-fp8,chat__in-large__out-medium__c256,74,1,false,49753435.690,,,50714997.714,961562.024,,,,false,,,,,timeout,The operation was aborted.,,,
2026-05-09T12-18-49Z__chat__qwen3.6-35b-a3b-fp8,chat__in-large__out-medium__c256,133,1,false,49753522.052,,,50715004.255,961482.202,,,,false,,,,,timeout,The operation was aborted.,,,
2026-05-09T12-18-49Z__chat__qwen3.6-35b-a3b-fp8,chat__in-large__out-medium__c256,87,1,false,49753452.051,,,50715004.439,961552.388,,,,false,,,,,timeout,The operation was aborted.,,,
2026-05-09T12-18-49Z__chat__qwen3.6-35b-a3b-fp8,chat__in-large__out-medium__c256,252,1,false,49753685.224,,,50715004.671,961319.447,,,,false,,,,,timeout,The operation was aborted.,,,
2026-05-09T12-18-49Z__chat__qwen3.6-35b-a3b-fp8,chat__in-large__out-medium__c256,248,1,false,49753680.030,,,50715022.382,961342.352,,,,false,,,,,timeout,The operation was aborted.,,,
2026-05-09T12-18-49Z__chat__qwen3.6-35b-a3b-fp8,chat__in-large__out-medium__c256,207,1,false,49753617.641,,,50715022.637,961404.996,,,,false,,,,,timeout,The operation was aborted.,,,
2026-05-09T12-18-49Z__chat__qwen3.6-35b-a3b-fp8,chat__in-large__out-medium__c256,151,1,false,49753543.910,,,50715022.700,961478.790,,,,false,,,,,timeout,The operation was aborted.,,,
2026-05-09T12-18-49Z__chat__qwen3.6-35b-a3b-fp8,chat__in-large__out-medium__c256,159,1,false,49753553.045,,,50715022.747,961469.702,,,,false,,,,,timeout,The operation was aborted.,,,
2026-05-09T12-18-49Z__chat__qwen3.6-35b-a3b-fp8,chat__in-large__out-medium__c256,46,1,false,49753391.424,,,50715029.503,961638.079,,,,false,,,,,timeout,The operation was aborted.,,,
2026-05-09T12-18-49Z__chat__qwen3.6-35b-a3b-fp8,chat__in-large__out-medium__c256,251,1,false,49753683.894,,,50715037.920,961354.025,,,,false,,,,,timeout,The operation was aborted.,,,
2026-05-09T12-18-49Z__chat__qwen3.6-35b-a3b-fp8,chat__in-large__out-medium__c256,245,1,false,49753676.093,,,50715045.578,961369.485,,,,false,,,,,timeout,The operation was aborted.,,,
2026-05-09T12-18-49Z__chat__qwen3.6-35b-a3b-fp8,chat__in-large__out-medium__c256,170,1,false,49753568.166,,,50715060.449,961492.284,,,,false,,,,,timeout,The operation was aborted.,,,
2026-05-09T12-18-49Z__chat__qwen3.6-35b-a3b-fp8,chat__in-large__out-medium__c256,239,1,false,49753668.060,,,50715060.756,961392.696,,,,false,,,,,timeout,The operation was aborted.,,,
2026-05-09T12-18-49Z__chat__qwen3.6-35b-a3b-fp8,chat__in-large__out-medium__c256,187,1,false,49753590.716,,,50715060.888,961470.173,,,,false,,,,,timeout,The operation was aborted.,,,
2026-05-09T12-18-49Z__chat__qwen3.6-35b-a3b-fp8,chat__in-large__out-medium__c256,203,1,false,49753612.375,,,50715061.104,961448.729,,,,false,,,,,timeout,The operation was aborted.,,,
2026-05-09T12-18-49Z__chat__qwen3.6-35b-a3b-fp8,chat__in-large__out-medium__c256,115,1,false,49753495.338,,,50715067.411,961572.074,,,,false,,,,,timeout,The operation was aborted.,,,
2026-05-09T12-18-49Z__chat__qwen3.6-35b-a3b-fp8,chat__in-large__out-medium__c256,195,1,false,49753601.516,,,50715067.577,961466.061,,,,false,,,,,timeout,The operation was aborted.,,,
2026-05-09T12-18-49Z__chat__qwen3.6-35b-a3b-fp8,chat__in-large__out-medium__c256,134,1,false,49753523.329,,,50715067.637,961544.309,,,,false,,,,,timeout,The operation was aborted.,,,
2026-05-09T12-18-49Z__chat__qwen3.6-35b-a3b-fp8,chat__in-large__out-medium__c256,185,1,false,49753588.133,,,50715072.915,961484.783,,,,false,,,,,timeout,The operation was aborted.,,,
2026-05-09T12-18-49Z__chat__qwen3.6-35b-a3b-fp8,chat__in-large__out-medium__c256,234,1,false,49753661.407,,,50715073.085,961411.678,,,,false,,,,,timeout,The operation was aborted.,,,
2026-05-09T12-18-49Z__chat__qwen3.6-35b-a3b-fp8,chat__in-large__out-medium__c256,176,1,false,49753576.062,,,50715083.792,961507.729,,,,false,,,,,timeout,The operation was aborted.,,,
2026-05-09T12-18-49Z__chat__qwen3.6-35b-a3b-fp8,chat__in-large__out-medium__c256,193,1,false,49753598.874,,,50715084.162,961485.288,,,,false,,,,,timeout,The operation was aborted.,,,
2026-05-09T12-18-49Z__chat__qwen3.6-35b-a3b-fp8,chat__in-large__out-medium__c256,233,1,false,49753660.080,,,50715084.280,961424.200,,,,false,,,,,timeout,The operation was aborted.,,,
2026-05-09T12-18-49Z__chat__qwen3.6-35b-a3b-fp8,chat__in-large__out-medium__c256,127,1,false,49753513.926,,,50715084.388,961570.463,,,,false,,,,,timeout,The operation was aborted.,,,
2026-05-09T12-18-49Z__chat__qwen3.6-35b-a3b-fp8,chat__in-large__out-medium__c256,242,1,false,49753672.139,,,50715087.173,961415.034,,,,false,,,,,timeout,The operation was aborted.,,,
2026-05-09T12-18-49Z__chat__qwen3.6-35b-a3b-fp8,chat__in-large__out-medium__c256,184,1,false,49753586.799,,,50715088.789,961501.990,,,,false,,,,,timeout,The operation was aborted.,,,
2026-05-09T12-18-49Z__chat__qwen3.6-35b-a3b-fp8,chat__in-large__out-medium__c256,110,1,false,49753485.814,,,50715095.182,961609.367,,,,false,,,,,timeout,The operation was aborted.,,,
2026-05-09T12-18-49Z__chat__qwen3.6-35b-a3b-fp8,chat__in-large__out-medium__c256,227,1,false,49753651.730,,,50715095.346,961443.616,,,,false,,,,,timeout,The operation was aborted.,,,
2026-05-09T12-18-49Z__chat__qwen3.6-35b-a3b-fp8,chat__in-large__out-medium__c256,247,1,false,49753678.725,,,50715096.856,961418.131,,,,false,,,,,timeout,The operation was aborted.,,,
2026-05-09T12-18-49Z__chat__qwen3.6-35b-a3b-fp8,chat__in-large__out-medium__c256,202,1,false,49753611.080,,,50715113.301,961502.221,,,,false,,,,,timeout,The operation was aborted.,,,
2026-05-09T12-18-49Z__chat__qwen3.6-35b-a3b-fp8,chat__in-large__out-medium__c256,167,1,false,49753564.428,,,50715113.500,961549.072,,,,false,,,,,timeout,The operation was aborted.,,,
2026-05-09T12-18-49Z__chat__qwen3.6-35b-a3b-fp8,chat__in-large__out-medium__c256,96,1,false,49753462.512,,,50715122.278,961659.766,,,,false,,,,,timeout,The operation was aborted.,,,
2026-05-09T12-18-49Z__chat__qwen3.6-35b-a3b-fp8,chat__in-large__out-medium__c256,114,1,false,49753493.728,,,50715132.529,961638.801,,,,false,,,,,timeout,The operation was aborted.,,,
2026-05-09T12-18-49Z__chat__qwen3.6-35b-a3b-fp8,chat__in-large__out-medium__c256,186,1,false,49753589.430,,,50715139.515,961550.084,,,,false,,,,,timeout,The operation was aborted.,,,
2026-05-09T12-18-49Z__chat__qwen3.6-35b-a3b-fp8,chat__in-large__out-medium__c256,102,1,false,49753471.133,,,50715148.095,961676.963,,,,false,,,,,timeout,The operation was aborted.,,,
2026-05-09T12-18-49Z__chat__qwen3.6-35b-a3b-fp8,chat__in-large__out-medium__c256,237,1,false,49753665.408,,,50715155.919,961490.511,,,,false,,,,,timeout,The operation was aborted.,,,
2026-05-09T12-18-49Z__chat__qwen3.6-35b-a3b-fp8,chat__in-large__out-medium__c256,208,1,false,49753618.934,,,50715156.298,961537.363,,,,false,,,,,timeout,The operation was aborted.,,,
2026-05-09T12-18-49Z__chat__qwen3.6-35b-a3b-fp8,chat__in-large__out-medium__c256,225,1,false,49753648.453,,,50715163.513,961515.060,,,,false,,,,,timeout,The operation was aborted.,,,
2026-05-09T12-18-49Z__chat__qwen3.6-35b-a3b-fp8,chat__in-large__out-medium__c256,198,1,false,49753605.635,,,50715171.076,961565.441,,,,false,,,,,timeout,The operation was aborted.,,,
2026-05-09T12-18-49Z__chat__qwen3.6-35b-a3b-fp8,chat__in-large__out-medium__c256,222,1,false,49753643.283,,,50715171.239,961527.956,,,,false,,,,,timeout,The operation was aborted.,,,
2026-05-09T12-18-49Z__chat__qwen3.6-35b-a3b-fp8,chat__in-large__out-medium__c256,243,1,false,49753673.417,,,50715178.756,961505.339,,,,false,,,,,timeout,The operation was aborted.,,,
2026-05-09T12-18-49Z__chat__qwen3.6-35b-a3b-fp8,chat__in-large__out-medium__c256,223,1,false,49753645.070,,,50715178.903,961533.832,,,,false,,,,,timeout,The operation was aborted.,,,
2026-05-09T12-18-49Z__chat__qwen3.6-35b-a3b-fp8,chat__in-large__out-medium__c256,255,1,false,49753688.967,,,50715178.967,961490.000,,,,false,,,,,timeout,The operation was aborted.,,,
2026-05-09T12-18-49Z__chat__qwen3.6-35b-a3b-fp8,chat__in-large__out-medium__c256,182,1,false,49753584.279,,,50715192.052,961607.773,,,,false,,,,,timeout,The operation was aborted.,,,
2026-05-09T12-18-49Z__chat__qwen3.6-35b-a3b-fp8,chat__in-large__out-medium__c256,220,1,false,49753639.668,,,50715192.207,961552.539,,,,false,,,,,timeout,The operation was aborted.,,,
2026-05-09T12-18-49Z__chat__qwen3.6-35b-a3b-fp8,chat__in-large__out-medium__c256,231,1,false,49753657.312,,,50715198.645,961541.333,,,,false,,,,,timeout,The operation was aborted.,,,
2026-05-09T12-18-49Z__chat__qwen3.6-35b-a3b-fp8,chat__in-large__out-medium__c256,226,1,false,49753650.120,,,50715198.718,961548.598,,,,false,,,,,timeout,The operation was aborted.,,,
2026-05-09T12-18-49Z__chat__qwen3.6-35b-a3b-fp8,chat__in-large__out-medium__c256,250,1,false,49753682.633,,,50715205.471,961522.838,,,,false,,,,,timeout,The operation was aborted.,,,
2026-05-09T12-18-49Z__chat__qwen3.6-35b-a3b-fp8,chat__in-large__out-medium__c256,205,1,false,49753615.007,,,50715211.260,961596.253,,,,false,,,,,timeout,The operation was aborted.,,,
2026-05-09T12-18-49Z__chat__qwen3.6-35b-a3b-fp8,chat__in-large__out-medium__c256,235,1,false,49753662.716,,,50715215.164,961552.448,,,,false,,,,,timeout,The operation was aborted.,,,
2026-05-09T12-18-49Z__chat__qwen3.6-35b-a3b-fp8,chat__in-large__out-medium__c256,216,1,false,49753630.600,,,50715238.692,961608.092,,,,false,,,,,timeout,The operation was aborted.,,,
2026-05-09T12-18-49Z__chat__qwen3.6-35b-a3b-fp8,chat__in-large__out-medium__c256,240,1,false,49753669.393,,,50715239.067,961569.674,,,,false,,,,,timeout,The operation was aborted.,,,
2026-05-09T12-18-49Z__chat__qwen3.6-35b-a3b-fp8,chat__in-large__out-medium__c256,244,1,false,49753674.711,,,50715246.038,961571.326,,,,false,,,,,timeout,The operation was aborted.,,,
2026-05-09T12-18-49Z__chat__qwen3.6-35b-a3b-fp8,chat__in-large__out-medium__c256,213,1,false,49753626.623,,,50715278.631,961652.008,,,,false,,,,,timeout,The operation was aborted.,,,
2026-05-09T12-18-49Z__chat__qwen3.6-35b-a3b-fp8,chat__in-large__out-medium__c256,389,1,false,50471119.212,203205.947,203206.368,50716889.492,245770.280,203206.368,11051,439,false,10.31,,,200,,,,,
2026-05-09T12-18-49Z__chat__qwen3.6-35b-a3b-fp8,chat__in-large__out-medium__c256,386,1,false,50458950.705,203395.827,203396.330,50719772.583,260821.878,203396.330,11022,491,false,8.55,,,200,,,,,
2026-05-09T12-18-49Z__chat__qwen3.6-35b-a3b-fp8,chat__in-large__out-medium__c256,388,1,false,50464881.067,202878.072,202878.692,50725275.068,260394.002,202878.692,11068,512,false,8.90,,,200,,,,,
2026-05-09T12-18-49Z__chat__qwen3.6-35b-a3b-fp8,chat__in-large__out-medium__c256,94,4,false,49753460.108,202327.278,923294.956,50728333.041,974872.933,923294.956,11045,512,false,9.93,,,200,,,,,
2026-05-09T12-18-49Z__chat__qwen3.6-35b-a3b-fp8,chat__in-large__out-medium__c256,390,1,false,50471123.262,199820.786,199821.056,50731500.543,260377.281,199821.056,10992,508,false,8.39,,,200,,,,,
2026-05-09T12-18-49Z__chat__qwen3.6-35b-a3b-fp8,chat__in-large__out-medium__c256,117,4,false,49753498.932,211580.635,932555.317,50736665.530,983166.597,932555.317,10975,512,false,10.12,,,200,,,,,
2026-05-09T12-18-49Z__chat__qwen3.6-35b-a3b-fp8,chat__in-large__out-medium__c256,66,4,false,49753425.036,206533.186,927534.604,50738048.370,984623.335,927534.604,10992,512,false,8.97,,,200,,,,,
2026-05-09T12-18-49Z__chat__qwen3.6-35b-a3b-fp8,chat__in-large__out-medium__c256,116,4,false,49753497.098,209007.170,929953.090,50739527.255,986030.157,929953.090,11027,491,false,8.76,,,200,,,,,
2026-05-09T12-18-49Z__chat__qwen3.6-35b-a3b-fp8,chat__in-large__out-medium__c256,93,4,false,49753458.911,235009.060,956067.389,50763789.403,1010330.492,956067.389,11013,496,false,9.14,,,200,,,,,
2026-05-09T12-18-49Z__chat__qwen3.6-35b-a3b-fp8,chat__in-large__out-medium__c256,140,4,false,49753530.621,239568.036,960561.638,50769112.941,1015582.320,960561.638,11013,485,false,8.81,,,200,,,,,
2026-05-09T12-18-49Z__chat__qwen3.6-35b-a3b-fp8,chat__in-large__out-medium__c256,60,4,false,49753416.438,232734.274,953800.526,50769113.780,1015697.342,953800.526,10971,512,false,8.27,,,200,,,,,
2026-05-09T12-18-49Z__chat__qwen3.6-35b-a3b-fp8,chat__in-large__out-medium__c256,402,1,false,50595830.054,205131.493,205132.384,50848888.756,253058.702,205132.384,11043,512,false,10.68,,,200,,,,,
2026-05-09T12-18-49Z__chat__qwen3.6-35b-a3b-fp8,chat__in-large__out-medium__c256,403,1,false,50599896.534,203415.525,203416.063,50850782.130,250885.596,203416.063,10970,512,false,10.79,,,200,,,,,
2026-05-09T12-18-49Z__chat__qwen3.6-35b-a3b-fp8,chat__in-large__out-medium__c256,401,1,false,50592964.904,205536.709,205538.150,50853264.013,260299.110,205538.150,11077,512,false,9.35,,,200,,,,,
2026-05-09T12-18-49Z__chat__qwen3.6-35b-a3b-fp8,chat__in-large__out-medium__c256,404,1,false,50601299.477,204946.412,204946.886,50857678.733,256379.256,204946.886,11033,512,false,9.95,,,200,,,,,
2026-05-09T12-18-49Z__chat__qwen3.6-35b-a3b-fp8,chat__in-large__out-medium__c256,406,1,false,50606789.084,204341.329,204341.869,50861644.384,254855.299,204341.869,11019,512,false,10.14,,,200,,,,,
2026-05-09T12-18-49Z__chat__qwen3.6-35b-a3b-fp8,chat__in-large__out-medium__c256,405,1,false,50602808.832,205934.724,205935.237,50865196.320,262387.487,205935.237,10936,512,false,9.07,,,200,,,,,
2026-05-09T12-18-49Z__chat__qwen3.6-35b-a3b-fp8,chat__in-large__out-medium__c256,408,1,false,50611823.709,225934.756,225935.360,50881077.199,269253.490,225935.360,10961,512,false,11.82,,,200,,,,,
2026-05-09T12-18-49Z__chat__qwen3.6-35b-a3b-fp8,chat__in-large__out-medium__c256,407,1,false,50610300.852,224554.835,224555.493,50885657.277,275356.425,224555.493,11088,512,false,10.08,,,200,,,,,
2026-05-09T12-18-49Z__chat__qwen3.6-35b-a3b-fp8,chat__in-large__out-medium__c256,409,1,false,50615780.541,224254.374,224254.825,50890488.414,274707.873,224254.825,11027,442,false,8.76,,,200,,,,,
2026-05-09T12-18-49Z__chat__qwen3.6-35b-a3b-fp8,chat__in-large__out-medium__c256,411,1,false,50623626.130,221795.809,221796.240,50895082.490,271456.360,221796.240,10957,512,false,10.31,,,200,,,,,
2026-05-09T12-18-49Z__chat__qwen3.6-35b-a3b-fp8,chat__in-large__out-medium__c256,412,1,false,50624521.506,223146.792,223147.269,50899061.452,274539.947,223147.269,10980,510,false,9.92,,,200,,,,,
2026-05-09T12-18-49Z__chat__qwen3.6-35b-a3b-fp8,chat__in-large__out-medium__c256,416,1,false,50658371.467,202329.777,202330.181,50903461.998,245090.531,202330.181,11028,461,false,10.78,,,200,,,,,
2026-05-09T12-18-49Z__chat__qwen3.6-35b-a3b-fp8,chat__in-large__out-medium__c256,410,1,false,50619949.055,222700.957,222701.346,50904855.459,284906.404,222701.346,10976,512,false,8.23,,,200,,,,,
2026-05-09T12-18-49Z__chat__qwen3.6-35b-a3b-fp8,chat__in-large__out-medium__c256,415,1,false,50656463.268,200956.658,200957.257,50909140.359,252677.091,200957.257,10940,446,false,8.62,,,200,,,,,
2026-05-09T12-18-49Z__chat__qwen3.6-35b-a3b-fp8,chat__in-large__out-medium__c256,413,1,false,50647624.668,204690.889,204691.965,50911034.267,263409.598,204691.965,11021,509,false,8.67,,,200,,,,,
2026-05-09T12-18-49Z__chat__qwen3.6-35b-a3b-fp8,chat__in-large__out-medium__c256,414,1,false,50653252.965,201554.588,201555.098,50914043.356,260790.391,201555.098,11001,512,false,8.64,,,200,,,,,
2026-05-09T12-18-49Z__chat__qwen3.6-35b-a3b-fp8,chat__in-large__out-medium__c256,418,1,false,50660851.916,207384.688,207385.561,50918903.313,258051.397,207385.561,11027,512,false,10.11,,,200,,,,,
2026-05-09T12-18-49Z__chat__qwen3.6-35b-a3b-fp8,chat__in-large__out-medium__c256,417,1,false,50658863.412,205809.060,205809.601,50919792.667,260929.255,205809.601,11006,512,false,9.29,,,200,,,,,
2026-05-09T12-18-49Z__chat__qwen3.6-35b-a3b-fp8,chat__in-large__out-medium__c256,422,1,false,50677555.249,220572.965,220573.383,50937467.572,259912.323,220573.383,10987,512,false,13.02,,,200,,,,,
2026-05-09T12-18-49Z__chat__qwen3.6-35b-a3b-fp8,chat__in-large__out-medium__c256,419,1,false,50667897.506,216231.102,216231.819,50937469.097,269571.591,216231.819,11020,512,false,9.60,,,200,,,,,
2026-05-09T12-18-49Z__chat__qwen3.6-35b-a3b-fp8,chat__in-large__out-medium__c256,421,1,false,50671827.069,221734.553,221734.959,50945607.586,273780.517,221734.959,11083,512,false,9.84,,,200,,,,,
2026-05-09T12-18-49Z__chat__qwen3.6-35b-a3b-fp8,chat__in-large__out-medium__c256,420,1,false,50670942.203,217743.982,217744.500,50950620.366,279678.163,217744.500,10889,512,false,8.27,,,200,,,,,
2026-05-09T12-18-49Z__chat__qwen3.6-35b-a3b-fp8,chat__in-large__out-medium__c256,299,1,false,49994459.762,,,50955855.104,961395.341,,,,false,,,,,timeout,The operation was aborted.,,,
2026-05-09T12-18-49Z__chat__qwen3.6-35b-a3b-fp8,chat__in-large__out-medium__c256,423,1,false,50678946.240,223178.132,223178.841,50955926.570,276980.329,223178.841,11098,468,false,8.70,,,200,,,,,
2026-05-09T12-18-49Z__chat__qwen3.6-35b-a3b-fp8,chat__in-large__out-medium__c256,300,1,false,49997437.930,,,50958714.181,961276.252,,,,false,,,,,timeout,The operation was aborted.,,,
2026-05-09T12-18-49Z__chat__qwen3.6-35b-a3b-fp8,chat__in-large__out-medium__c256,424,1,false,50681937.040,224929.160,224929.748,50959684.088,277747.048,224929.748,10941,512,false,9.69,,,200,,,,,
2026-05-09T12-18-49Z__chat__qwen3.6-35b-a3b-fp8,chat__in-large__out-medium__c256,301,1,false,50001004.288,,,50962323.211,961318.923,,,,false,,,,,timeout,The operation was aborted.,,,
2026-05-09T12-18-49Z__chat__qwen3.6-35b-a3b-fp8,chat__in-large__out-medium__c256,428,1,false,50713617.017,204064.639,204065.085,50962580.288,248963.271,204065.085,10963,512,false,11.40,,,200,,,,,
2026-05-09T12-18-49Z__chat__qwen3.6-35b-a3b-fp8,chat__in-large__out-medium__c256,425,1,false,50703793.180,205348.286,205348.661,50963086.084,259292.903,205348.661,10973,456,false,8.45,,,200,,,,,
2026-05-09T12-18-49Z__chat__qwen3.6-35b-a3b-fp8,chat__in-large__out-medium__c256,302,1,false,50005205.303,,,50966429.734,961224.432,,,,false,,,,,timeout,The operation was aborted.,,,
2026-05-09T12-18-49Z__chat__qwen3.6-35b-a3b-fp8,chat__in-large__out-medium__c256,303,1,false,50005605.359,,,50967050.005,961444.646,,,,false,,,,,timeout,The operation was aborted.,,,
2026-05-09T12-18-49Z__chat__qwen3.6-35b-a3b-fp8,chat__in-large__out-medium__c256,427,1,false,50710749.937,204323.869,204324.327,50969938.201,259188.264,204324.327,10996,512,false,9.33,,,200,,,,,
2026-05-09T12-18-49Z__chat__qwen3.6-35b-a3b-fp8,chat__in-large__out-medium__c256,426,1,false,50705198.716,207356.327,207356.754,50974922.433,269723.717,207356.754,11032,512,false,8.21,,,200,,,,,
2026-05-09T12-18-49Z__chat__qwen3.6-35b-a3b-fp8,chat__in-large__out-medium__c256,429,1,false,50714532.383,207748.705,207749.407,50976328.358,261795.975,207749.407,11000,500,false,9.25,,,200,,,,,
2026-05-09T12-18-49Z__chat__qwen3.6-35b-a3b-fp8,chat__in-large__out-medium__c256,432,1,false,50714567.917,209982.151,209982.550,50982749.827,268181.910,209982.550,10986,512,false,8.80,,,200,,,,,
2026-05-09T12-18-49Z__chat__qwen3.6-35b-a3b-fp8,chat__in-large__out-medium__c256,304,1,false,50026359.261,,,50987751.422,961392.162,,,,false,,,,,timeout,The operation was aborted.,,,
2026-05-09T12-18-49Z__chat__qwen3.6-35b-a3b-fp8,chat__in-large__out-medium__c256,305,1,false,50029702.282,,,50991104.791,961402.509,,,,false,,,,,timeout,The operation was aborted.,,,
2026-05-09T12-18-49Z__chat__qwen3.6-35b-a3b-fp8,chat__in-large__out-medium__c256,306,1,false,50029705.056,,,50991117.134,961412.078,,,,false,,,,,timeout,The operation was aborted.,,,
2026-05-09T12-18-49Z__chat__qwen3.6-35b-a3b-fp8,chat__in-large__out-medium__c256,430,1,false,50714537.589,228581.787,228582.427,50996776.578,282238.990,228582.427,11001,494,false,9.21,,,200,,,,,
2026-05-09T12-18-49Z__chat__qwen3.6-35b-a3b-fp8,chat__in-large__out-medium__c256,435,1,false,50714590.294,226252.632,226253.537,50996779.089,282188.795,226253.537,10980,490,false,8.76,,,200,,,,,
2026-05-09T12-18-49Z__chat__qwen3.6-35b-a3b-fp8,chat__in-large__out-medium__c256,307,1,false,50035405.995,,,50996787.964,961381.969,,,,false,,,,,timeout,The operation was aborted.,,,
2026-05-09T12-18-49Z__chat__qwen3.6-35b-a3b-fp8,chat__in-large__out-medium__c256,434,1,false,50714581.883,239093.922,239094.391,51002836.423,288254.540,239094.391,11064,477,false,9.70,,,200,,,,,
2026-05-09T12-18-49Z__chat__qwen3.6-35b-a3b-fp8,chat__in-large__out-medium__c256,431,1,false,50714558.853,234100.817,234101.626,51007933.402,293374.549,234101.626,10973,469,false,7.91,,,200,,,,,
2026-05-09T12-18-49Z__chat__qwen3.6-35b-a3b-fp8,chat__in-large__out-medium__c256,433,2,false,50714573.913,83416.503,323649.922,51067851.615,353277.702,323649.922,10982,512,false,17.28,,,200,,,,,
2026-05-09T12-18-49Z__chat__qwen3.6-35b-a3b-fp8,chat__in-large__out-medium__c256,441,2,false,50714607.911,76376.186,316553.870,51072840.534,358232.623,316553.870,11080,470,false,11.28,,,200,,,,,
2026-05-09T12-18-49Z__chat__qwen3.6-35b-a3b-fp8,chat__in-large__out-medium__c256,443,2,false,50714616.391,69797.365,309948.569,51076424.249,361807.858,309948.569,11011,512,false,9.87,,,200,,,,,
2026-05-09T12-18-49Z__chat__qwen3.6-35b-a3b-fp8,chat__in-large__out-medium__c256,450,2,false,50714637.733,96333.634,336516.271,51080916.494,366278.761,336516.271,11001,512,false,17.20,,,200,,,,,
2026-05-09T12-18-49Z__chat__qwen3.6-35b-a3b-fp8,chat__in-large__out-medium__c256,448,2,false,50714633.335,74330.635,314480.386,51084367.718,369734.384,314480.386,10947,512,false,9.27,,,200,,,,,
2026-05-09T12-18-49Z__chat__qwen3.6-35b-a3b-fp8,chat__in-large__out-medium__c256,446,2,false,50714628.715,71871.502,312021.621,51085260.777,370632.062,312021.621,11037,512,false,8.74,,,200,,,,,
2026-05-09T12-18-49Z__chat__qwen3.6-35b-a3b-fp8,chat__in-large__out-medium__c256,439,2,false,50714603.673,88513.822,328676.429,51090037.981,375434.308,328676.429,11083,446,false,9.54,,,200,,,,,
2026-05-09T12-18-49Z__chat__qwen3.6-35b-a3b-fp8,chat__in-large__out-medium__c256,451,2,false,50714654.413,81170.068,321315.631,51090039.794,375385.381,321315.631,11030,473,false,8.75,,,200,,,,,
2026-05-09T12-18-49Z__chat__qwen3.6-35b-a3b-fp8,chat__in-large__out-medium__c256,437,2,false,50714600.636,86281.363,326494.497,51091889.979,377289.343,326494.497,10973,449,false,8.84,,,200,,,,,
2026-05-09T12-18-49Z__chat__qwen3.6-35b-a3b-fp8,chat__in-large__out-medium__c256,452,2,false,50714656.494,78931.071,319073.013,51093375.520,378719.026,319073.013,11041,512,false,8.58,,,200,,,,,
2026-05-09T12-18-49Z__chat__qwen3.6-35b-a3b-fp8,chat__in-large__out-medium__c256,444,2,false,50714620.425,91656.497,331803.809,51101083.074,386462.650,331803.809,11082,512,false,9.37,,,200,,,,,
2026-05-09T12-18-49Z__chat__qwen3.6-35b-a3b-fp8,chat__in-large__out-medium__c256,445,2,false,50714626.985,93806.304,334007.536,51106371.988,391745.003,334007.536,10994,512,false,8.87,,,200,,,,,
2026-05-09T12-18-49Z__chat__qwen3.6-35b-a3b-fp8,chat__in-large__out-medium__c256,436,2,false,50714593.906,116065.321,356300.633,51122782.083,408188.177,356300.633,10952,510,false,9.83,,,200,,,,,
2026-05-09T12-18-49Z__chat__qwen3.6-35b-a3b-fp8,chat__in-large__out-medium__c256,438,2,false,50714602.218,132939.957,373185.466,51130204.558,415602.340,373185.466,11019,489,false,11.53,,,200,,,,,
2026-05-09T12-18-49Z__chat__qwen3.6-35b-a3b-fp8,chat__in-large__out-medium__c256,440,2,false,50714605.834,124511.489,364748.072,51131116.536,416510.702,364748.072,10957,510,false,9.85,,,200,,,,,
2026-05-09T12-18-49Z__chat__qwen3.6-35b-a3b-fp8,chat__in-large__out-medium__c256,449,2,false,50714636.227,121072.072,361275.415,51135892.995,421256.768,361275.415,10955,512,false,8.54,,,200,,,,,
2026-05-09T12-18-49Z__chat__qwen3.6-35b-a3b-fp8,chat__in-large__out-medium__c256,447,2,false,50714631.603,129125.908,369336.308,51140136.241,425504.638,369336.308,10990,512,false,9.12,,,200,,,,,
2026-05-09T12-18-49Z__chat__qwen3.6-35b-a3b-fp8,chat__in-large__out-medium__c256,457,2,false,50714689.210,149229.167,389415.344,51143294.837,428605.627,389415.344,11001,458,false,11.69,,,200,,,,,
2026-05-09T12-18-49Z__chat__qwen3.6-35b-a3b-fp8,chat__in-large__out-medium__c256,460,2,false,50714693.833,141013.491,381184.153,51143707.525,429013.692,381184.153,10998,512,false,10.70,,,200,,,,,
2026-05-09T12-18-49Z__chat__qwen3.6-35b-a3b-fp8,chat__in-large__out-medium__c256,473,2,false,50714728.207,138522.745,378649.035,51148405.446,433677.239,378649.035,10950,512,false,9.30,,,200,,,,,
2026-05-09T12-18-49Z__chat__qwen3.6-35b-a3b-fp8,chat__in-large__out-medium__c256,463,2,false,50714700.577,135183.000,375343.925,51148406.907,433706.331,375343.925,10918,512,false,8.77,,,200,,,,,
2026-05-09T12-18-49Z__chat__qwen3.6-35b-a3b-fp8,chat__in-large__out-medium__c256,455,2,false,50714681.598,146086.050,386279.192,51151605.408,436923.810,386279.192,10966,512,false,10.11,,,200,,,,,
2026-05-09T12-18-49Z__chat__qwen3.6-35b-a3b-fp8,chat__in-large__out-medium__c256,461,2,false,50714695.379,154552.105,394735.149,51157561.119,442865.740,394735.149,11046,433,false,9.00,,,200,,,,,
2026-05-09T12-18-49Z__chat__qwen3.6-35b-a3b-fp8,chat__in-large__out-medium__c256,442,2,false,50714614.787,143870.246,384119.423,51160604.175,445989.388,384119.423,10973,512,false,8.28,,,200,,,,,
2026-05-09T12-18-49Z__chat__qwen3.6-35b-a3b-fp8,chat__in-large__out-medium__c256,483,2,false,50714759.590,184036.610,424168.155,51176420.756,461661.167,424168.155,10939,512,false,13.66,,,200,,,,,
2026-05-09T12-18-49Z__chat__qwen3.6-35b-a3b-fp8,chat__in-large__out-medium__c256,459,2,false,50714692.023,181009.225,421207.310,51181992.929,467300.906,421207.310,11024,512,false,11.11,,,200,,,,,
2026-05-09T12-18-49Z__chat__qwen3.6-35b-a3b-fp8,chat__in-large__out-medium__c256,465,2,false,50714708.106,170965.199,411138.075,51185462.933,470754.827,411138.075,11013,512,false,8.59,,,200,,,,,
2026-05-09T12-18-49Z__chat__qwen3.6-35b-a3b-fp8,chat__in-large__out-medium__c256,467,2,false,50714711.384,178738.251,418905.554,51189754.675,475043.291,418905.554,10966,495,false,8.82,,,200,,,,,
2026-05-09T12-18-49Z__chat__qwen3.6-35b-a3b-fp8,chat__in-large__out-medium__c256,347,1,false,50234447.151,,,51195867.246,961420.095,,,,false,,,,,timeout,The operation was aborted.,,,
2026-05-09T12-18-49Z__chat__qwen3.6-35b-a3b-fp8,chat__in-large__out-medium__c256,453,2,false,50714671.203,188245.349,428489.226,51196006.288,481335.085,428489.226,10908,512,false,9.69,,,200,,,,,
2026-05-09T12-18-49Z__chat__qwen3.6-35b-a3b-fp8,chat__in-large__out-medium__c256,474,2,false,50714729.512,191959.610,432146.387,51199206.748,484477.236,432146.387,10939,512,false,9.78,,,200,,,,,
2026-05-09T12-18-49Z__chat__qwen3.6-35b-a3b-fp8,chat__in-large__out-medium__c256,458,2,false,50714690.616,199656.718,439887.980,51200101.900,485411.284,439887.980,10986,512,false,11.25,,,200,,,,,
2026-05-09T12-18-49Z__chat__qwen3.6-35b-a3b-fp8,chat__in-large__out-medium__c256,348,1,false,50239331.634,,,51200950.847,961619.213,,,,false,,,,,timeout,The operation was aborted.,,,
2026-05-09T12-18-49Z__chat__qwen3.6-35b-a3b-fp8,chat__in-large__out-medium__c256,481,2,false,50714756.794,194312.754,434470.865,51206776.978,492020.184,434470.865,11061,512,false,8.90,,,200,,,,,
2026-05-09T12-18-49Z__chat__qwen3.6-35b-a3b-fp8,chat__in-large__out-medium__c256,454,2,false,50714680.079,202236.617,442472.967,51210466.191,495786.112,442472.967,10931,512,false,9.60,,,200,,,,,
2026-05-09T12-18-49Z__chat__qwen3.6-35b-a3b-fp8,chat__in-large__out-medium__c256,479,2,false,50714750.609,197186.833,437350.891,51211966.021,497215.413,437350.891,10997,512,false,8.55,,,200,,,,,
2026-05-09T12-18-49Z__chat__qwen3.6-35b-a3b-fp8,chat__in-large__out-medium__c256,468,2,false,50714713.833,205710.133,445894.132,51218472.680,503758.846,445894.132,11026,476,false,8.23,,,200,,,,,
2026-05-09T12-18-49Z__chat__qwen3.6-35b-a3b-fp8,chat__in-large__out-medium__c256,456,2,false,50714687.711,208712.233,448950.981,51218863.405,504175.694,448950.981,10993,441,false,7.99,,,200,,,,,
2026-05-09T12-18-49Z__chat__qwen3.6-35b-a3b-fp8,chat__in-large__out-medium__c256,353,1,false,50270137.054,,,51231451.462,961314.408,,,,false,,,,,timeout,The operation was aborted.,,,
2026-05-09T12-18-49Z__chat__qwen3.6-35b-a3b-fp8,chat__in-large__out-medium__c256,354,1,false,50272986.544,,,51234324.027,961337.483,,,,false,,,,,timeout,The operation was aborted.,,,
2026-05-09T12-18-49Z__chat__qwen3.6-35b-a3b-fp8,chat__in-large__out-medium__c256,477,2,false,50714743.028,224528.512,464728.783,51237086.005,522342.977,464728.783,11006,512,false,8.89,,,200,,,,,
2026-05-09T12-18-49Z__chat__qwen3.6-35b-a3b-fp8,chat__in-large__out-medium__c256,355,1,false,50279314.895,,,51240731.946,961417.051,,,,false,,,,,timeout,The operation was aborted.,,,
2026-05-09T12-18-49Z__chat__qwen3.6-35b-a3b-fp8,chat__in-large__out-medium__c256,471,2,false,50714725.528,230116.423,470328.677,51241511.709,526786.180,470328.677,11045,512,false,9.07,,,200,,,,,
2026-05-09T12-18-49Z__chat__qwen3.6-35b-a3b-fp8,chat__in-large__out-medium__c256,356,1,false,50282755.002,,,51244321.771,961566.769,,,,false,,,,,timeout,The operation was aborted.,,,
2026-05-09T12-18-49Z__chat__qwen3.6-35b-a3b-fp8,chat__in-large__out-medium__c256,462,2,false,50714697.836,233587.883,473815.927,51245199.230,530501.394,473815.927,11018,512,false,9.03,,,200,,,,,
2026-05-09T12-18-49Z__chat__qwen3.6-35b-a3b-fp8,chat__in-large__out-medium__c256,480,2,false,50714755.372,237873.841,478061.793,51245585.924,530830.553,478061.793,11010,512,false,9.70,,,200,,,,,
2026-05-09T12-18-49Z__chat__qwen3.6-35b-a3b-fp8,chat__in-large__out-medium__c256,357,1,false,50285882.327,,,51247323.228,961440.900,,,,false,,,,,timeout,The operation was aborted.,,,
2026-05-09T12-18-49Z__chat__qwen3.6-35b-a3b-fp8,chat__in-large__out-medium__c256,358,1,false,50289283.256,,,51250663.118,961379.861,,,,false,,,,,timeout,The operation was aborted.,,,
2026-05-09T12-18-49Z__chat__qwen3.6-35b-a3b-fp8,chat__in-large__out-medium__c256,392,3,false,50487532.400,238793.440,719248.773,51259903.239,772370.839,719248.773,10936,512,false,9.64,,,200,,,,,
2026-05-09T12-18-49Z__chat__qwen3.6-35b-a3b-fp8,chat__in-large__out-medium__c256,393,3,false,50497077.872,234182.757,714890.042,51263404.398,766326.526,714890.042,11008,512,false,9.95,,,200,,,,,
2026-05-09T12-18-49Z__chat__qwen3.6-35b-a3b-fp8,chat__in-large__out-medium__c256,349,4,false,50250564.956,236888.461,958411.262,51266580.707,1016015.751,958411.262,10955,504,false,8.75,,,200,,,,,
2026-05-09T12-18-49Z__chat__qwen3.6-35b-a3b-fp8,chat__in-large__out-medium__c256,350,4,false,50256366.357,236692.475,958093.942,51268660.407,1012294.050,958093.942,11042,512,false,9.45,,,200,,,,,
2026-05-09T12-18-49Z__chat__qwen3.6-35b-a3b-fp8,chat__in-large__out-medium__c256,351,4,false,50260284.182,235338.602,956734.432,51269552.939,1009268.756,956734.432,11072,512,false,9.75,,,200,,,,,
2026-05-09T12-18-49Z__chat__qwen3.6-35b-a3b-fp8,chat__in-large__out-medium__c256,352,4,false,50265248.931,237501.315,958874.729,51271935.503,1006686.573,958874.729,11040,448,false,9.37,,,200,,,,,
2026-05-09T12-18-49Z__chat__qwen3.6-35b-a3b-fp8,chat__in-large__out-medium__c256,394,3,false,50502396.070,238976.238,719540.304,51278562.625,776166.555,719540.304,10957,512,false,9.04,,,200,,,,,
2026-05-09T12-18-49Z__chat__qwen3.6-35b-a3b-fp8,chat__in-large__out-medium__c256,501,3,false,50714844.168,71230.861,551650.681,51312763.012,597918.844,551650.681,10985,467,false,10.09,,,200,,,,,
2026-05-09T12-18-49Z__chat__qwen3.6-35b-a3b-fp8,chat__in-large__out-medium__c256,466,3,false,50714709.633,67801.875,548291.293,51313153.578,598443.945,548291.293,11037,512,false,10.21,,,200,,,,,
2026-05-09T12-18-49Z__chat__qwen3.6-35b-a3b-fp8,chat__in-large__out-medium__c256,464,3,false,50714702.073,74798.601,555362.029,51317066.977,602364.904,555362.029,10958,481,false,10.23,,,200,,,,,
2026-05-09T12-18-49Z__chat__qwen3.6-35b-a3b-fp8,chat__in-large__out-medium__c256,470,3,false,50714723.901,77242.041,557796.988,51322594.807,607870.906,557796.988,11037,453,false,9.05,,,200,,,,,
2026-05-09T12-18-49Z__chat__qwen3.6-35b-a3b-fp8,chat__in-large__out-medium__c256,476,3,false,50714736.580,80141.245,560685.693,51325001.626,610265.046,560685.693,11121,512,false,10.33,,,200,,,,,
2026-05-09T12-18-49Z__chat__qwen3.6-35b-a3b-fp8,chat__in-large__out-medium__c256,478,3,false,50714745.161,85921.192,566486.861,51328084.901,613339.740,566486.861,10953,482,false,10.29,,,200,,,,,
2026-05-09T12-18-49Z__chat__qwen3.6-35b-a3b-fp8,chat__in-large__out-medium__c256,469,3,false,50714717.609,82468.513,563043.646,51333591.793,618874.184,563043.646,10969,512,false,9.17,,,200,,,,,
2026-05-09T12-18-49Z__chat__qwen3.6-35b-a3b-fp8,chat__in-large__out-medium__c256,487,3,false,50714787.808,104137.436,584666.361,51349336.492,634548.684,584666.361,11022,476,false,9.54,,,200,,,,,
2026-05-09T12-18-49Z__chat__qwen3.6-35b-a3b-fp8,chat__in-large__out-medium__c256,494,3,false,50714811.767,101666.427,582183.944,51349340.196,634528.428,582183.944,11024,512,false,9.78,,,200,,,,,
2026-05-09T12-18-49Z__chat__qwen3.6-35b-a3b-fp8,chat__in-large__out-medium__c256,503,3,false,50714849.608,107191.066,587678.341,51355366.933,640517.325,587678.341,10956,512,false,9.69,,,200,,,,,
2026-05-09T12-18-49Z__chat__qwen3.6-35b-a3b-fp8,chat__in-large__out-medium__c256,507,3,false,50714859.129,109167.796,589641.568,51359604.591,644745.461,589641.568,10963,484,false,8.78,,,200,,,,,
2026-05-09T12-18-49Z__chat__qwen3.6-35b-a3b-fp8,chat__in-large__out-medium__c256,493,3,false,50714809.681,123190.505,603734.888,51368720.409,653910.728,603734.888,11028,512,false,10.20,,,200,,,,,
2026-05-09T12-18-49Z__chat__qwen3.6-35b-a3b-fp8,chat__in-large__out-medium__c256,500,3,false,50714842.577,128659.870,609177.763,51369129.537,654286.960,609177.763,10999,477,false,10.57,,,200,,,,,
2026-05-09T12-18-49Z__chat__qwen3.6-35b-a3b-fp8,chat__in-large__out-medium__c256,490,3,false,50714795.893,120801.359,601347.643,51369619.205,654823.313,601347.643,11054,512,false,9.57,,,200,,,,,
2026-05-09T12-18-49Z__chat__qwen3.6-35b-a3b-fp8,chat__in-large__out-medium__c256,506,3,false,50714857.650,136828.632,617345.595,51374547.926,659690.277,617345.595,11106,463,false,10.93,,,200,,,,,
2026-05-09T12-18-49Z__chat__qwen3.6-35b-a3b-fp8,chat__in-large__out-medium__c256,486,3,false,50714784.512,126182.824,606707.988,51379135.634,664351.122,606707.988,11002,486,false,8.43,,,200,,,,,
2026-05-09T12-18-49Z__chat__qwen3.6-35b-a3b-fp8,chat__in-large__out-medium__c256,475,3,false,50714731.905,131640.949,612280.940,51382640.981,667909.077,612280.940,10968,512,false,9.20,,,200,,,,,
2026-05-09T12-18-49Z__chat__qwen3.6-35b-a3b-fp8,chat__in-large__out-medium__c256,485,3,false,50714778.892,134189.507,614740.622,51387025.768,672246.876,614740.622,10947,512,false,8.90,,,200,,,,,
2026-05-09T12-18-49Z__chat__qwen3.6-35b-a3b-fp8,chat__in-large__out-medium__c256,498,3,false,50714836.087,141229.526,621777.524,51393173.423,678337.336,621777.524,10957,512,false,9.05,,,200,,,,,
2026-05-09T12-18-49Z__chat__qwen3.6-35b-a3b-fp8,chat__in-large__out-medium__c256,495,3,false,50714813.721,162869.014,643455.628,51404688.928,689875.207,643455.628,11040,512,false,11.03,,,200,,,,,
2026-05-09T12-18-49Z__chat__qwen3.6-35b-a3b-fp8,chat__in-large__out-medium__c256,472,3,false,50714726.855,159562.917,640230.978,51408823.463,694096.608,640230.978,10865,512,false,9.51,,,200,,,,,
2026-05-09T12-18-49Z__chat__qwen3.6-35b-a3b-fp8,chat__in-large__out-medium__c256,510,3,false,50714878.391,157317.770,637831.697,51410215.634,695337.242,637831.697,10953,512,false,8.90,,,200,,,,,
2026-05-09T12-18-49Z__chat__qwen3.6-35b-a3b-fp8,chat__in-large__out-medium__c256,504,3,false,50714852.615,167227.910,647794.830,51415824.342,700971.727,647794.830,11036,483,false,9.08,,,200,,,,,
2026-05-09T12-18-49Z__chat__qwen3.6-35b-a3b-fp8,chat__in-large__out-medium__c256,489,3,false,50714794.675,176644.314,657269.700,51422555.600,707760.925,657269.700,11013,478,false,9.47,,,200,,,,,
2026-05-09T12-18-49Z__chat__qwen3.6-35b-a3b-fp8,chat__in-large__out-medium__c256,502,3,false,50714845.524,182079.912,662668.564,51426278.260,711432.736,662668.564,11006,512,false,10.50,,,200,,,,,
2026-05-09T12-18-49Z__chat__qwen3.6-35b-a3b-fp8,chat__in-large__out-medium__c256,492,3,false,50714807.423,179111.030,659738.586,51430391.712,715584.289,659738.586,11028,512,false,9.17,,,200,,,,,
2026-05-09T12-18-49Z__chat__qwen3.6-35b-a3b-fp8,chat__in-large__out-medium__c256,491,3,false,50714797.166,184596.690,665234.647,51433582.454,718785.288,665234.647,11043,512,false,9.56,,,200,,,,,
2026-05-09T12-18-49Z__chat__qwen3.6-35b-a3b-fp8,chat__in-large__out-medium__c256,482,3,false,50714758.076,190231.432,670916.319,51434485.160,719727.084,670916.319,11060,512,false,10.49,,,200,,,,,
2026-05-09T12-18-49Z__chat__qwen3.6-35b-a3b-fp8,chat__in-large__out-medium__c256,508,3,false,50714860.443,187211.539,667786.652,51436475.316,721614.873,667786.652,10935,512,false,9.51,,,200,,,,,
2026-05-09T12-18-49Z__chat__qwen3.6-35b-a3b-fp8,chat__in-large__out-medium__c256,499,3,false,50714837.576,194603.364,675225.689,51446015.036,731177.460,675225.689,10967,512,false,9.15,,,200,,,,,
2026-05-09T12-18-49Z__chat__qwen3.6-35b-a3b-fp8,chat__in-large__out-medium__c256,509,3,false,50714870.943,200746.221,681340.834,51449575.609,734704.666,681340.834,11044,512,false,9.59,,,200,,,,,
2026-05-09T12-18-49Z__chat__qwen3.6-35b-a3b-fp8,chat__in-large__out-medium__c256,511,3,false,50714880.362,212261.498,692862.687,51462513.092,747632.730,692862.687,11009,512,false,9.35,,,200,,,,,
2026-05-09T12-18-49Z__chat__qwen3.6-35b-a3b-fp8,chat__in-large__out-medium__c256,488,3,false,50714792.983,223393.665,704095.512,51465980.682,751187.699,704095.512,11007,491,false,10.43,,,200,,,,,
2026-05-09T12-18-49Z__chat__qwen3.6-35b-a3b-fp8,chat__in-large__out-medium__c256,505,3,false,50714854.409,216747.406,697374.200,51466406.461,751552.052,697374.200,11050,512,false,9.45,,,200,,,,,
2026-05-09T12-18-49Z__chat__qwen3.6-35b-a3b-fp8,chat__in-large__out-medium__c256,497,3,false,50714831.933,218990.812,699643.808,51467329.711,752497.778,699643.808,10902,512,false,9.69,,,200,,,,,
2026-05-09T12-18-49Z__chat__qwen3.6-35b-a3b-fp8,chat__in-large__out-medium__c256,496,3,false,50714816.377,230115.533,710795.131,51472635.724,757819.347,710795.131,10983,512,false,10.89,,,200,,,,,
2026-05-09T12-18-49Z__chat__qwen3.6-35b-a3b-fp8,chat__in-large__out-medium__c256,391,4,false,50482193.740,230066.714,951261.255,51473669.305,991475.565,951261.255,11037,512,false,12.73,,,200,,,,,
2026-05-09T12-18-49Z__chat__qwen3.6-35b-a3b-fp8,chat__in-large__out-medium__c256,484,3,false,50714777.097,233816.486,714545.493,51475344.058,760566.961,714545.493,10949,512,false,11.13,,,200,,,,,
2026-05-09T12-18-49Z__chat__qwen3.6-35b-a3b-fp8,chat__in-large__out-medium__c256,395,4,false,50508364.696,207307.513,928616.558,51477053.431,968688.735,928616.558,11001,509,false,12.70,,,200,,,,,
2026-05-09T12-18-49Z__chat__qwen3.6-35b-a3b-fp8,chat__in-large__out-medium__c256,396,4,false,50513199.959,204862.393,926260.885,51477265.211,964065.252,926260.885,11061,510,false,13.49,,,200,,,,,
2026-05-09T12-18-49Z__chat__qwen3.6-35b-a3b-fp8,chat__in-large__out-medium__c256,397,4,false,50515104.417,205755.978,926980.174,51478181.829,963077.412,926980.174,10991,512,false,14.18,,,200,,,,,
2026-05-09T12-18-49Z__chat__qwen3.6-35b-a3b-fp8,chat__in-large__out-medium__c256,398,4,false,50517185.357,210640.484,931867.410,51479496.229,962310.872,931867.410,10966,512,false,16.82,,,200,,,,,
2026-05-09T12-18-49Z__chat__qwen3.6-35b-a3b-fp8,chat__in-large__out-medium__c256,399,4,false,50522068.999,208981.326,930549.810,51482219.961,960150.961,930549.810,11010,512,false,17.30,,,200,,,,,
2026-05-09T12-18-49Z__chat__qwen3.6-35b-a3b-fp8,chat__in-large__out-medium__c256,400,4,false,50529293.292,215136.516,936263.320,51485519.814,956226.521,936263.320,10963,499,false,25.00,,,200,,,,,
